# Observation conducted on 2023.10.19 at Wb rev. 2
# Base frequency: 8432.00 MHz BW: 2 kHz dF: 0.2 Hz dT: 10.0 s Nscans: 1
# Format: UTC Time     |    Signal-to-Noise     |      Spectral max      | Freq detection [Hz] |   Doppler noise [Hz]  |
# 
2023-10-19T14:00:05.000 3.071397977725616784e+03 1.135601620782139435e+03  3000000.022986989003 +1.8465872449269227e-04
2023-10-19T14:00:15.000 3.801733722510452026e+03 1.364952141142618530e+03  3000000.001673932653 -4.4711273562825227e-04
2023-10-19T14:00:25.000 3.623819764425290941e+03 1.352798086762119738e+03  2999999.994761233218 +5.3859524939525727e-04
2023-10-19T14:00:35.000 3.742617922027029636e+03 1.371460604495129701e+03  2999999.994476682972 +5.7617106790530670e-05
2023-10-19T14:00:45.000 4.387268936527885671e+03 1.392617966090714162e+03  2999999.998024240602 -4.7385159905388718e-04
2023-10-19T14:00:55.000 3.668436281537879040e+03 1.389270843795709197e+03  3000000.004218311980 +1.2600145372516636e-03
2023-10-19T14:01:05.000 3.767486087548570140e+03 1.321322763450726825e+03  3000000.003631378058 -1.6127178953411203e-03
2023-10-19T14:01:15.000 3.803773030862364976e+03 1.382027297430446652e+03  3000000.004940377548 +9.5963123760611779e-04
2023-10-19T14:01:25.000 3.732518260403036038e+03 1.437097135305031770e+03  2999999.999368213117 +1.5884393803844432e-04
2023-10-19T14:01:35.000 3.583899545099567604e+03 1.359691579516671482e+03  2999999.992150524165 -4.7143344522737607e-04
2023-10-19T14:01:45.000 3.802123001380829010e+03 1.382837908566229999e+03  2999999.987925029825 +1.2863500739968003e-04
2023-10-19T14:05:55.000 3.262131738200998370e+03 1.272155274610166771e+03  3000000.000487681478 -3.3970122342452669e-04
2023-10-19T14:06:05.000 3.157703055671656784e+03 1.269510513382647105e+03  2999999.990594404750 -2.1032396421105659e-04
2023-10-19T14:06:15.000 3.699449996465289587e+03 1.320951840934558959e+03  2999999.989993279334 +2.3980955745628307e-04
2023-10-19T14:06:25.000 3.170124444173400661e+03 1.235938079728187859e+03  2999999.995443837252 +1.2194706142736322e-03
2023-10-19T14:06:35.000 3.557688505542414987e+03 1.268176615301332731e+03  3000000.000028256793 -9.3534330517286435e-04
2023-10-19T14:06:45.000 2.832691367715265187e+03 1.233934392237387328e+03  3000000.005961318500 -1.1318005052771696e-03
2023-10-19T14:06:55.000 2.965478270309161417e+03 1.269470797257836011e+03  3000000.010990370065 +6.9938312526574009e-04
2023-10-19T14:07:05.000 3.313148656991126700e+03 1.278677281967271256e+03  3000000.009832752869 +8.6102288958045392e-04
2023-10-19T14:07:15.000 3.235202608146166767e+03 1.329470984590631815e+03  3000000.002002222929 -4.6446416592971218e-04
2023-10-19T14:07:25.000 3.174393969965960878e+03 1.283631562548216834e+03  2999999.990887899417 -3.1645650506106904e-04
2023-10-19T14:07:35.000 2.778013502896033515e+03 1.215560308608256491e+03  2999999.977122168522 +2.3143046246332233e-04
2023-10-19T14:09:15.000 3.311571700682621213e+03 1.294155920085696835e+03  3000000.001714487560 +2.5522279977394646e-03
2023-10-19T14:09:25.000 3.807423833646554613e+03 1.334436535145172456e+03  2999999.999363114592 +1.7228052570317232e-05
2023-10-19T14:09:35.000 3.603926742162697337e+03 1.341048821766440142e+03  2999999.998315287288 -1.6930176911955641e-03
2023-10-19T14:09:45.000 3.008235712503638752e+03 1.313029282941058227e+03  2999999.999775252771 -1.1002925062939539e-03
2023-10-19T14:09:55.000 3.520504673941354667e+03 1.329161747934399500e+03  3000000.001828588080 +1.2432587516286731e-04
2023-10-19T14:10:05.000 3.220304583880289556e+03 1.313088051911331377e+03  3000000.004196259193 +1.9020734451942189e-03
2023-10-19T14:10:15.000 3.175121358054350821e+03 1.322576735759346775e+03  3000000.002950632945 +4.5006042148543202e-04
2023-10-19T14:10:25.000 3.076586697201451443e+03 1.233073902843208316e+03  3000000.002450068947 +2.0341233528142766e-04
2023-10-19T14:10:35.000 3.485538069261371675e+03 1.333555667010066145e+03  3000000.000306449831 -1.2296537587417333e-03
2023-10-19T14:10:45.000 3.475890952142441620e+03 1.319911805225620355e+03  3000000.000691222958 +2.2576428693810158e-04
2023-10-19T14:10:55.000 3.508692454193714639e+03 1.314419564388985691e+03  2999999.999288814608 +5.2214142101547623e-05
2023-10-19T14:11:05.000 3.283848054767746817e+03 1.254223208197155145e+03  2999999.997884401586 -2.8479113518642407e-04
2023-10-19T14:11:15.000 3.102019204590612389e+03 1.310643501023357658e+03  2999999.997282161843 -4.3097242223666399e-04
2023-10-19T14:11:25.000 3.873596246920499652e+03 1.389924735530446469e+03  2999999.999377610162 +9.1659789518416801e-04
2023-10-19T14:11:35.000 3.361832406524680209e+03 1.354900840484460559e+03  3000000.000557527877 -6.0302437918835494e-04
2023-10-19T14:11:45.000 3.589243822780671508e+03 1.360995388107870667e+03  3000000.006749985274 +2.2914082478564524e-05
2023-10-19T14:16:15.000 3.653956956334469851e+03 1.325354454211553502e+03  2999999.999604388606 -1.2159984373738553e-04
2023-10-19T14:16:25.000 3.670759437660904496e+03 1.361451032163326090e+03  3000000.000827518292 +1.4249500654841540e-03
2023-10-19T14:16:35.000 3.680295981903145275e+03 1.354750929372432665e+03  3000000.000250232406 +1.9209913909890020e-04
2023-10-19T14:16:45.000 3.808389905715858731e+03 1.362311810913033469e+03  2999999.997509732842 -3.5290295901404534e-03
2023-10-19T14:16:55.000 3.622879627033544239e+03 1.300505623410204180e+03  3000000.004139008000 +2.2529698637754336e-03
2023-10-19T14:17:05.000 2.823060719380535829e+03 1.283284112275935286e+03  3000000.003277378622 +9.6329349071311299e-04
2023-10-19T14:17:15.000 3.094535640684737700e+03 1.272712385057288884e+03  3000000.002744788770 +5.5818213388647564e-04
2023-10-19T14:17:25.000 3.291905439343417129e+03 1.276214051138197192e+03  3000000.001358791720 -1.3512714417629468e-04
2023-10-19T14:17:35.000 3.577672042445723946e+03 1.355857282022675463e+03  2999999.999489914626 -8.4007539669528342e-04
2023-10-19T14:17:45.000 3.227901200151401099e+03 1.335530739145354346e+03  2999999.999498618301 +6.2914351883591735e-04
2023-10-19T14:17:55.000 3.270494123043664786e+03 1.334229030852793585e+03  2999999.996678938158 -6.6581240787400020e-04
2023-10-19T14:18:05.000 3.775510148425194984e+03 1.290153845706357515e+03  2999999.995892116334 -1.3083947510494909e-04
2023-10-19T14:18:15.000 3.131751266517803742e+03 1.290211934314170321e+03  2999999.996042783838 +8.5976011496313731e-04
2023-10-19T14:18:25.000 3.137869814137220601e+03 1.339628592055784111e+03  2999999.995049688965 -4.3030360302509507e-05
2023-10-19T14:18:35.000 3.745202972553174732e+03 1.325828437368110372e+03  2999999.995797947515 -1.8773074032196746e-04
2023-10-19T14:18:45.000 3.114001439218571704e+03 1.212942642551843619e+03  2999999.998092166148 +5.3726702503809065e-05
2023-10-19T14:20:15.000 5.483573333828084287e+03 1.950351830724373031e+03  4127729.193362086080 -1.8834491197594616e-04
2023-10-19T14:20:25.000 5.514951918482785004e+03 1.960819036392905446e+03  4127723.772329244297 +1.4024420121359071e-03
2023-10-19T14:20:35.000 4.938547622174787648e+03 1.905829288234347587e+03  4127718.341296475846 -1.9926505477769751e-03
2023-10-19T14:20:45.000 5.299774601824464298e+03 1.803060955419952279e+03  4127712.908798370510 -1.2921503389407007e-03
2023-10-19T14:20:55.000 5.397712943915212236e+03 1.822122955442058128e+03  4127707.473425857723 +2.7887846435987740e-03
2023-10-19T14:21:05.000 5.092404967444462272e+03 1.928536210424659885e+03  4127702.024412734434 -5.8045545301865786e-05
2023-10-19T14:21:15.000 5.314222877237586545e+03 1.838363420508055924e+03  4127696.570123883430 -1.6286053812564205e-03
2023-10-19T14:21:25.000 4.709032686482326426e+03 1.842923083006013030e+03  4127691.113710936625 +6.6098638171752100e-05
2023-10-19T14:21:35.000 5.165312467939952512e+03 1.911879799814709031e+03  4127685.653557672631 +8.6247832132357871e-04
2023-10-19T14:21:45.000 5.402018003095675340e+03 1.875511110895704860e+03  4127680.192934325896 -2.8427051040580409e-04
2023-10-19T14:23:15.000 3.250216142889273215e+03 1.329077231579032741e+03  2999999.994875048287 -2.6676737843445153e-04
2023-10-19T14:23:25.000 3.336349785937210982e+03 1.398580323465277388e+03  3000000.004403356928 -5.3416725279475941e-04
2023-10-19T14:23:35.000 3.373616034663508799e+03 1.251136037103094850e+03  3000000.008905945811 +1.3086074255852509e-03
2023-10-19T14:23:45.000 3.581076313909154578e+03 1.364245211626311857e+03  3000000.005029365886 -9.6159727820577245e-04
2023-10-19T14:23:55.000 3.263464400370318799e+03 1.310571125611721982e+03  3000000.002843402792 +4.3326864374648721e-04
2023-10-19T14:24:05.000 3.235133899083024971e+03 1.383865156848592051e+03  2999999.999931710307 +1.3379982084416042e-03
2023-10-19T14:24:15.000 3.475182338670507761e+03 1.335420413733341093e+03  2999999.993401641957 -2.3511240952984735e-03
2023-10-19T14:24:25.000 3.533577122901727307e+03 1.330664042566351100e+03  2999999.995780724566 +1.1850632427012897e-03
2023-10-19T14:24:35.000 3.386908692946628889e+03 1.397738496136859567e+03  2999999.995240927674 -1.1221893669244309e-04
2023-10-19T14:24:45.000 3.533950793862407863e+03 1.324799176109052041e+03  2999999.998051076662 +2.4763555609297327e-04
2023-10-19T14:24:55.000 3.247462595849974150e+03 1.340276565489061113e+03  3000000.000271733850 -1.0255878138423213e-03
2023-10-19T14:25:05.000 3.586929143668000961e+03 1.290164458482582859e+03  3000000.006422514562 +1.6393027042340691e-03
2023-10-19T14:25:15.000 3.724389155988540097e+03 1.380191234455432550e+03  3000000.005852854345 -9.7941026638181938e-04
2023-10-19T14:25:25.000 3.409586997830478595e+03 1.317961249612740858e+03  3000000.005161467474 -5.0198596318296040e-04
2023-10-19T14:25:35.000 3.851702717334937461e+03 1.410771986592457552e+03  2999999.999789011199 +6.2035337168708793e-04
2023-10-19T14:25:45.000 3.501821514909661346e+03 1.322934446341803778e+03  2999999.984729009680 -2.0874189249298070e-04
2023-10-19T14:27:15.000 4.714581232981438916e+03 1.830045195403778052e+03  4127496.461020453367 -2.7876560625372804e-04
2023-10-19T14:27:25.000 4.988279161785140786e+03 1.756381094378388752e+03  4127490.791037730873 +4.1005545472216909e-04
2023-10-19T14:27:35.000 4.757820625007965646e+03 1.793754292444712974e+03  4127485.117608690634 +1.1423968302324283e-03
2023-10-19T14:27:45.000 5.574228959802726422e+03 1.919263815282844234e+03  4127479.435794280376 -2.6609406430679883e-03
2023-10-19T14:27:55.000 4.996440859106925018e+03 2.055748050412419161e+03  4127473.758120818529 +2.0008143903851305e-03
2023-10-19T14:28:05.000 5.118705216577313877e+03 1.975216666330665475e+03  4127468.071091036312 +2.2200851965408219e-03
2023-10-19T14:28:15.000 5.161993280748167308e+03 1.927172163963417461e+03  4127462.372696015984 -3.3064790137586897e-03
2023-10-19T14:28:25.000 4.859891518558178177e+03 1.878640691956737328e+03  4127456.677972772159 +1.2802086633882936e-03
2023-10-19T14:28:35.000 4.678772544276477674e+03 1.832607038141152998e+03  4127450.970282671042 +2.8073198086531193e-04
2023-10-19T14:28:45.000 5.152912772298548589e+03 1.835765060919225107e+03  4127445.254721488804 -1.5213829362892284e-04
2023-10-19T14:30:15.000 3.936308199854812756e+03 1.277156665273096678e+03  3000000.006101085339 -9.5159344482453889e-05
2023-10-19T14:30:25.000 3.553856747246821215e+03 1.353723656724796001e+03  3000000.002783867531 +1.0894295550087918e-03
2023-10-19T14:30:35.000 3.913843220118709723e+03 1.367116812466188776e+03  2999999.998731795698 -6.6971277976790589e-04
2023-10-19T14:30:45.000 3.877763482228266639e+03 1.367188687534593328e+03  2999999.998670797795 +4.8925963938017958e-05
2023-10-19T14:30:55.000 3.400690118356741095e+03 1.366268475688885246e+03  2999999.997184004169 -1.5844827192950106e-03
2023-10-19T14:31:05.000 4.394454118799057142e+03 1.406638886668767782e+03  3000000.000048993155 +6.8802108455656708e-04
2023-10-19T14:31:15.000 3.545116017539994573e+03 1.358632299373884507e+03  3000000.001316179521 +1.2924569516599149e-03
2023-10-19T14:31:25.000 3.339766260912789221e+03 1.359839657598031408e+03  2999999.999672803096 -8.1122181279624783e-04
2023-10-19T14:31:35.000 3.185326183134715393e+03 1.321485407929723124e+03  3000000.001182367094 +6.1219195561079687e-04
2023-10-19T14:31:45.000 3.751285959849828487e+03 1.370696023402502988e+03  2999999.998665530700 -1.5440643441024804e-03
2023-10-19T14:31:55.000 3.368151270809697053e+03 1.364022856394628207e+03  3000000.000233630650 +8.0668215662171860e-04
2023-10-19T14:32:05.000 3.203731287290689124e+03 1.324658473217654091e+03  2999999.998703488614 +3.6123291613421316e-04
2023-10-19T14:32:15.000 3.566344649717290849e+03 1.290662477699789179e+03  2999999.997557022609 +3.8800947027084476e-04
2023-10-19T14:32:25.000 3.185102010326813343e+03 1.369421299850968126e+03  2999999.995226276107 -9.8603101912431157e-04
2023-10-19T14:32:35.000 3.858856266252468231e+03 1.357608566452043306e+03  2999999.996252156794 +3.8522375132288289e-04
2023-10-19T14:32:45.000 2.656806415129164634e+03 1.252745276974249009e+03  2999999.996422431432 -1.9307723482597794e-04
2023-10-19T14:34:15.000 5.217662149220598621e+03 1.926931732501644092e+03  4127253.575822699349 -5.2061391261304379e-04
2023-10-19T14:34:25.000 5.611719146565369556e+03 1.865594947284939508e+03  4127247.676672990434 +1.4106516018728144e-03
2023-10-19T14:34:35.000 5.736691086049162550e+03 1.940223561688983182e+03  4127241.762666596565 -4.3118096846228582e-04
2023-10-19T14:34:45.000 5.182759875275155537e+03 1.914333876629777478e+03  4127235.839244051371 -3.3730027510046057e-03
2023-10-19T14:34:55.000 5.156492589350305025e+03 1.886775672015667169e+03  4127229.919509902131 +3.6954956124191085e-03
2023-10-19T14:35:05.000 4.949231286445860860e+03 1.829707317567532755e+03  4127223.984415767714 +2.4511362016710336e-04
2023-10-19T14:35:15.000 4.370242713384026501e+03 1.718279277769496048e+03  4127218.048134759068 -7.7820489866553544e-04
2023-10-19T14:35:25.000 4.541247909201493712e+03 1.685984247985490356e+03  4127212.108458310366 -2.8163094210640338e-03
2023-10-19T14:35:35.000 5.052292942646583469e+03 1.737571994682579316e+03  4127206.175060985610 +2.3061987677692741e-03
2023-10-19T14:35:45.000 5.423027778586479144e+03 1.761677097964747418e+03  4127200.234839871060 -5.3840988221054431e-04
2023-10-19T14:37:15.000 3.713110773768510171e+03 1.398669673062333914e+03  2999999.997172730044 +7.1873831643642916e-04
2023-10-19T14:37:25.000 3.951199953511390504e+03 1.363416739064515923e+03  2999999.995875313412 -1.5442438552781823e-03
2023-10-19T14:37:35.000 3.312016887633839815e+03 1.366935232497744209e+03  3000000.001433863770 +1.8794277145843807e-03
2023-10-19T14:37:45.000 3.619583744691792162e+03 1.325089618127419726e+03  3000000.002088190056 +2.0388695895690034e-04
2023-10-19T14:37:55.000 3.355361663377339937e+03 1.361150189735453978e+03  3000000.003262088634 -4.2971348955234134e-04
2023-10-19T14:38:05.000 3.701582751727292361e+03 1.359369412927451549e+03  3000000.003621650860 -8.8854303385232924e-04
2023-10-19T14:38:15.000 3.774367753119905501e+03 1.418415027483802987e+03  3000000.004561696667 +4.4469909619238024e-04
2023-10-19T14:38:25.000 3.809017865711935883e+03 1.354513420235660305e+03  3000000.002734517213 +2.0688536699253746e-04
2023-10-19T14:38:35.000 3.697367682106827033e+03 1.313806244657838079e+03  3000000.000507643446 +5.1857829419077461e-04
2023-10-19T14:38:45.000 3.624447802473251159e+03 1.288751830259004691e+03  2999999.996833540034 -1.3991193793572165e-04
2023-10-19T14:38:55.000 3.973457859504997032e+03 1.383238149356197255e+03  2999999.993360397406 -8.1138434245531244e-04
2023-10-19T14:39:05.000 3.492129259626114163e+03 1.405725548407975793e+03  2999999.992684344295 +1.9682330139403348e-04
2023-10-19T14:39:15.000 3.807787990920691300e+03 1.399657829563133873e+03  2999999.993653782643 +6.2352728514269984e-04
2023-10-19T14:39:25.000 4.082729838585707967e+03 1.376943177586546653e+03  2999999.997046246193 -6.3088985029935429e-05
2023-10-19T14:39:35.000 3.577111912593924444e+03 1.392447819145794028e+03  3000000.005856133997 -3.7138491563837306e-04
2023-10-19T14:39:45.000 3.301058370048155666e+03 1.228271192149772332e+03  3000000.022243767511 +1.6915208630052803e-04
2023-10-19T14:41:15.000 5.086400254447847146e+03 1.910962361243447504e+03  4127000.670667115599 +1.2374526028224864e-03
2023-10-19T14:41:25.000 5.220464371174868575e+03 1.861883623244105820e+03  4126994.529868671671 -1.9498727749578393e-04
2023-10-19T14:41:35.000 5.410853835412784065e+03 1.917849476105796384e+03  4126988.383614461869 -2.0906358092815935e-03
2023-10-19T14:41:45.000 4.795183156041137408e+03 1.791734093318036230e+03  4126982.237365176436 +1.9057737717957934e-03
2023-10-19T14:41:55.000 4.642876907453282911e+03 1.799511679402064829e+03  4126976.079540643375 +1.0212908538278498e-03
2023-10-19T14:42:05.000 5.059771452093103107e+03 1.771889551916894106e+03  4126969.914239667356 -2.7656920292429277e-04
2023-10-19T14:42:15.000 5.496718313803653473e+03 1.892064615166053272e+03  4126963.743381902575 -4.8910146756497852e-04
2023-10-19T14:42:25.000 5.476449481140590251e+03 1.937548279919367815e+03  4126957.567464706488 -6.8070985344093060e-04
2023-10-19T14:42:35.000 5.966533279058033258e+03 2.004396908591488454e+03  4126951.391290018801 +8.9682285340586532e-04
2023-10-19T14:42:45.000 6.096400649810165305e+03 2.086510994258915616e+03  4126945.215239264071 -2.7191579908958374e-04
2023-10-19T14:44:15.000 3.213924329163161929e+03 1.290962149040267832e+03  2999999.997956743930 -1.3652116713274154e-03
2023-10-19T14:44:25.000 3.243278131854952335e+03 1.350226861119804653e+03  3000000.005073203705 +1.6424052926140575e-03
2023-10-19T14:44:35.000 3.649484103468754711e+03 1.303497625006791395e+03  3000000.004298395477 -7.6775264187745051e-04
2023-10-19T14:44:45.000 3.119330757231547523e+03 1.234773439383016921e+03  3000000.005279073026 +4.7923819090556208e-04
2023-10-19T14:44:55.000 3.588168940363480033e+03 1.372983118442073419e+03  3000000.003296484705 +5.2953243880438094e-05
2023-10-19T14:45:05.000 3.576360075709239027e+03 1.325219978946471883e+03  3000000.000608363189 -4.0361648404996231e-04
2023-10-19T14:45:15.000 3.588147027092053577e+03 1.344239656262785275e+03  2999999.998667469714 -1.8745925785879081e-05
2023-10-19T14:45:25.000 3.418289975089736799e+03 1.346596178025530889e+03  2999999.997414045502 +6.3724701897172054e-04
2023-10-19T14:45:35.000 3.491446913850669262e+03 1.318397767849685579e+03  2999999.995895548258 +2.0851528029197652e-04
2023-10-19T14:45:45.000 3.762492170933820489e+03 1.287184969947625859e+03  2999999.994644104969 -1.0320952835627395e-03
2023-10-19T14:45:55.000 3.251431464891412361e+03 1.274626106176532858e+03  2999999.997087874450 +2.6509304416322266e-04
2023-10-19T14:46:05.000 3.129107746863200191e+03 1.356350111378760857e+03  2999999.999215119518 +2.2743533384073089e-04
2023-10-19T14:46:15.000 3.430745084227345160e+03 1.364264738776139211e+03  3000000.002950272523 +1.1728021515864384e-03
2023-10-19T14:46:25.000 2.949631469744293554e+03 1.320573050829708791e+03  3000000.002896348946 -1.6112326230768304e-03
2023-10-19T14:46:35.000 3.357190488853503211e+03 1.303026021315843309e+03  3000000.006309602410 +1.4403632530957111e-04
2023-10-19T14:46:45.000 3.700194991068402487e+03 1.308280107306083437e+03  3000000.005464946851 +9.0642910322458192e-05
2023-10-19T14:48:15.000 4.526803750279990709e+03 1.845911698633362448e+03  4126737.946042663883 +3.7172166344134894e-05
2023-10-19T14:48:25.000 5.378868069819458469e+03 1.815262090781791812e+03  4126731.579505358357 +1.1596608260333596e-04
2023-10-19T14:48:35.000 4.854685117899145553e+03 1.980319150459903085e+03  4126725.202746818308 +3.0718336961399473e-04
2023-10-19T14:48:45.000 5.181799772789279814e+03 1.926518721258224787e+03  4126718.819448819384 -1.7422880586082101e-03
2023-10-19T14:48:55.000 4.987356511175873493e+03 1.879903881316673733e+03  4126712.440607391763 +2.5859380519932529e-03
2023-10-19T14:49:05.000 5.417643481077340766e+03 1.915483287455859681e+03  4126706.051552442368 -7.2216984733586287e-04
2023-10-19T14:49:15.000 5.461463531788335786e+03 1.962720700454778580e+03  4126699.660093818326 -7.9053937713524647e-04
2023-10-19T14:49:25.000 4.954206448689491481e+03 1.748261724313460945e+03  4126693.259900625329 +9.0278614254657441e-04
2023-10-19T14:49:35.000 5.181177707302500494e+03 1.883496624558430767e+03  4126686.840396835469 -2.0228529115229321e-04
2023-10-19T14:51:15.000 3.420336553133877260e+03 1.306696451102721539e+03  2999999.997988127638 -8.1587693114215654e-04
2023-10-19T14:51:25.000 3.249969651757636711e+03 1.330414616641387283e+03  3000000.002450321801 +1.5197790086176610e-03
2023-10-19T14:51:35.000 3.422392283549942931e+03 1.334724432651871211e+03  3000000.001963161398 -7.6269168084763805e-04
2023-10-19T14:51:45.000 3.699586555200612111e+03 1.411385380151773234e+03  3000000.004535736050 +5.3513111379288603e-04
2023-10-19T14:51:55.000 3.819792207306341879e+03 1.318630133217361163e+03  3000000.003897495102 -7.7247445710781903e-04
2023-10-19T14:52:05.000 3.607950006033139744e+03 1.343700567628061663e+03  3000000.005236533936 +5.0399667316014529e-04
2023-10-19T14:52:15.000 3.821534148398709021e+03 1.375705541454402464e+03  3000000.003000715747 -1.2485151319197030e-03
2023-10-19T14:52:25.000 4.168229077172468351e+03 1.363390752078114701e+03  3000000.004753797315 +1.4315803750832856e-03
2023-10-19T14:52:35.000 3.425607021835315663e+03 1.339308579455861945e+03  3000000.001379103400 -6.9472418442728667e-04
2023-10-19T14:52:45.000 3.393273321907262925e+03 1.305865534433250332e+03  3000000.000938452780 +3.1298383260036644e-04
2023-10-19T14:52:55.000 3.133606651555443932e+03 1.329962629733761105e+03  2999999.999348573387 +2.7203458159874572e-04
2023-10-19T14:53:05.000 3.196669890625625158e+03 1.256936793033670938e+03  2999999.996787969023 -6.9537105468953087e-04
2023-10-19T14:53:15.000 3.508539868415667115e+03 1.328770743505562677e+03  2999999.995357003529 -4.8099247169375303e-04
2023-10-19T14:53:25.000 3.910651716851322817e+03 1.405266309583176735e+03  2999999.994222301990 +1.7493540133273200e-04
2023-10-19T14:53:35.000 3.758928695428988703e+03 1.291475801474653736e+03  2999999.992482908536 +5.7094989472261659e-04
2023-10-19T14:53:45.000 3.567020323020331489e+03 1.361532463862301256e+03  2999999.988772016019 -3.3283115590165835e-04
2023-10-19T14:55:15.000 5.475209827465017952e+03 1.889912472220059954e+03  4126465.994644403923 -6.9859363986779499e-04
2023-10-19T14:55:25.000 5.321311542456247480e+03 1.892201810489689933e+03  4126459.405176372267 -3.3658472875686130e-04
2023-10-19T14:55:35.000 5.422123300432150245e+03 1.932061007927073661e+03  4126452.814214965794 +1.1946958425141929e-03
2023-10-19T14:55:45.000 5.516323901165385905e+03 1.931312134304777146e+03  4126446.217276801355 +1.3008425730731688e-03
2023-10-19T14:55:55.000 5.171056575306696686e+03 1.926403500354518883e+03  4126439.609362242278 -2.9625995725837129e-03
2023-10-19T14:56:05.000 4.632578604526196614e+03 1.854169458818813155e+03  4126432.999709894881 -8.5089869196508516e-04
2023-10-19T14:56:15.000 5.136807603115541497e+03 1.895983596989235593e+03  4126426.382450949866 +2.0089422355340503e-03
2023-10-19T14:56:25.000 4.549000169918536812e+03 1.806309813277394369e+03  4126419.754944419488 +1.2381631568132434e-03
2023-10-19T14:56:35.000 5.578340050502722988e+03 1.839520325851997541e+03  4126413.123175942805 -1.6102109984785784e-03
2023-10-19T14:56:45.000 4.655564054811120513e+03 1.829700372493550049e+03  4126406.502248771023 +7.2435463403053291e-04
2023-10-19T14:58:15.000 3.395368492767631778e+03 1.327167957024623774e+03  3000000.003772026859 +6.7960555895751895e-04
2023-10-19T14:58:25.000 3.841493650855807573e+03 1.374802625707174002e+03  3000000.001298889518 -2.0033656119267107e-04
2023-10-19T14:58:35.000 4.135477697917262049e+03 1.374009599227801118e+03  3000000.000010410789 -4.9441320118148724e-04
2023-10-19T14:58:45.000 3.699045519431749653e+03 1.372576753645223334e+03  2999999.999538986478 -4.1380964671589027e-04
2023-10-19T14:58:55.000 3.720256576725131254e+03 1.371809959767415876e+03  3000000.001105496194 +1.3972317751722585e-03
2023-10-19T14:59:05.000 3.222702212159110331e+03 1.383498285289553223e+03  2999999.998843782116 -8.1401891338828136e-04
2023-10-19T14:59:15.000 3.647370417004103274e+03 1.363995516147247145e+03  3000000.000972164329 +1.2628324449224237e-03
2023-10-19T14:59:25.000 4.195220305708169690e+03 1.420965493577879442e+03  2999999.998831158504 -9.6088591521947819e-04
2023-10-19T14:59:35.000 3.222869934765330527e+03 1.321509097842195160e+03  2999999.998642382212 -1.2139129482875433e-03
2023-10-19T14:59:45.000 3.225053732429484171e+03 1.365918392979385089e+03  3000000.001392923295 +1.5194107935485590e-03
2023-10-19T14:59:55.000 3.490792759763583490e+03 1.388795730057144965e+03  2999999.998986543622 -8.4956379839695728e-04
2023-10-19T15:00:05.000 3.587081044304402894e+03 1.317215130677026764e+03  3000000.000665575732 +9.0819946785813954e-04
2023-10-19T15:00:15.000 3.567120041086743186e+03 1.259729509979492150e+03  2999999.999942996539 +2.7158681302807963e-04
2023-10-19T15:00:25.000 3.188761505485760154e+03 1.256439287775921457e+03  2999999.998812387232 -8.2060896022539964e-04
2023-10-19T15:00:35.000 3.396117162566767092e+03 1.289516050901452218e+03  2999999.999647250399 -7.0280994123095297e-05
2023-10-19T15:00:45.000 3.497193483862738049e+03 1.281684517055568676e+03  3000000.000179037917 +1.5811582647984324e-04
2023-10-19T15:02:15.000 5.620795596441487760e+03 1.908040218868142574e+03  4126184.651868156623 +6.1872237313309597e-04
2023-10-19T15:02:25.000 4.112838642503521442e+03 1.787866729337281186e+03  4126177.842236289755 -3.5530795162230788e-04
2023-10-19T15:02:35.000 5.694970266525630905e+03 1.972614398653565331e+03  4126171.032900950871 -1.1627962587681395e-03
2023-10-19T15:02:45.000 5.246944792719346879e+03 1.908281964115286655e+03  4126164.222074351739 +1.1074721173827129e-03
2023-10-19T15:02:55.000 5.376353417297157648e+03 1.925995451986707621e+03  4126157.402131224517 +8.5466597704453307e-04
2023-10-19T15:03:05.000 5.587807431635187640e+03 1.911845025787478335e+03  4126150.574123333674 -5.7922838630020124e-04
2023-10-19T15:03:15.000 4.860348067443959735e+03 1.891633601952388744e+03  4126143.740242136177 -1.5063944639450710e-03
2023-10-19T15:03:25.000 4.895900014313371685e+03 1.891141601973484967e+03  4126136.904559000395 +1.7873896432547554e-03
2023-10-19T15:03:35.000 5.339091305644234126e+03 1.808917584507936454e+03  4126130.056491671130 -5.5043343115812604e-04
2023-10-19T15:03:45.000 5.807349114922692024e+03 1.957645821748136086e+03  4126123.201851114631 +4.7999179059843300e-05
2023-10-19T15:05:15.000 3.225534895189569852e+03 1.282105182821833750e+03  2999999.997044279240 -3.6428468285976123e-04
2023-10-19T15:05:25.000 3.954310233682236685e+03 1.313203475761308709e+03  3000000.001385097858 +5.8931140074491850e-05
2023-10-19T15:05:35.000 3.205791371485359832e+03 1.345139023380632807e+03  3000000.003369243350 +1.0529757283848085e-03
2023-10-19T15:05:45.000 3.363305315452685136e+03 1.271069639106338627e+03  3000000.000199411996 -1.3529282642821272e-03
2023-10-19T15:05:55.000 3.235853716806755529e+03 1.278322342642661624e+03  3000000.000733807683 +7.0740752244091709e-04
2023-10-19T15:06:05.000 3.399507112275928193e+03 1.292889711256594865e+03  2999999.998324553482 -2.1090807388191024e-04
2023-10-19T15:06:15.000 3.851564911468587525e+03 1.359684143192924466e+03  2999999.997197241522 -4.7075431689336256e-04
2023-10-19T15:06:25.000 3.874772133510167350e+03 1.364354182547894879e+03  2999999.999075313099 +1.2849202237248392e-03
2023-10-19T15:06:35.000 3.712229161960581678e+03 1.354776671027136672e+03  2999999.998523393646 -5.1002041880110482e-04
2023-10-19T15:06:45.000 3.357732421736466677e+03 1.346746469946429443e+03  3000000.000427482184 -8.5117201115281205e-04
2023-10-19T15:06:55.000 3.362301173030562495e+03 1.371935039801620860e+03  3000000.004581514280 +4.3651604141814460e-04
2023-10-19T15:07:05.000 3.688387916399650749e+03 1.307057271372211517e+03  3000000.007013522554 +3.8442614822997712e-05
2023-10-19T15:07:15.000 3.871882772080436553e+03 1.336473738931502112e+03  3000000.008358404972 -4.6333402724485495e-04
2023-10-19T15:07:25.000 3.315594362613704561e+03 1.282255589822451157e+03  3000000.010101185646 +1.6667042536937515e-03
2023-10-19T15:07:35.000 3.720760845752105070e+03 1.407533227734155389e+03  3000000.003128327429 -1.1176069015164103e-03
2023-10-19T15:07:45.000 3.185920180854377122e+03 1.310547286322419495e+03  2999999.994773896877 +4.1558928228369041e-04
2023-10-19T15:09:15.000 5.134717347551394596e+03 1.818068954985478968e+03  4125894.535906455014 +2.1318579661055992e-03
2023-10-19T15:09:25.000 5.451734160518084536e+03 1.908869506882138012e+03  4125887.513480302878 -1.8447336619829002e-03
2023-10-19T15:09:35.000 4.870367404511761379e+03 2.055753271746762493e+03  4125880.498554386199 +4.1590988519146777e-04
2023-10-19T15:09:45.000 5.239643940907003525e+03 1.874756135458859262e+03  4125873.475393616594 -1.1449444621121074e-03
2023-10-19T15:09:55.000 4.940183220411963703e+03 1.911466679380818505e+03  4125866.450274255592 +2.4046890174531654e-03
2023-10-19T15:10:05.000 5.139757249941612827e+03 1.919004477743388861e+03  4125859.411526765674 -1.4617825445384369e-04
2023-10-19T15:10:15.000 4.831157121034469128e+03 1.800710097605800229e+03  4125852.369210034143 +3.4617524966051860e-04
2023-10-19T15:10:25.000 5.362586839789911210e+03 1.865882298611202486e+03  4125845.318067236338 -2.8404998995483766e-03
2023-10-19T15:10:35.000 5.014563225690139006e+03 1.841219050435921645e+03  4125838.272008294240 +3.0114951631503573e-03
2023-10-19T15:10:45.000 5.787528425822428289e+03 1.893783798629512603e+03  4125831.212613996118 -6.1261767541509471e-04
2023-10-19T15:12:15.000 3.395899100408887989e+03 1.295321818351220827e+03  3000000.000587347895 -1.5000547364252270e-06
2023-10-19T15:12:25.000 3.044839220509910319e+03 1.319462401114855993e+03  2999999.999035829213 -5.7514295622240752e-04
2023-10-19T15:12:35.000 2.864224807111337668e+03 1.303150767023754497e+03  2999999.999360326678 +3.7741264952728670e-04
2023-10-19T15:12:45.000 3.503391917292496601e+03 1.377728010892823022e+03  2999999.999097376596 +4.2689557494668406e-04
2023-10-19T15:12:55.000 3.635532687193577658e+03 1.330377848931508879e+03  2999999.998426787555 -1.9141619804941001e-04
2023-10-19T15:13:05.000 4.041301160007641101e+03 1.373361856122287918e+03  2999999.997885578778 -8.7132859130178986e-04
2023-10-19T15:13:15.000 3.330088909028509534e+03 1.326774380721200259e+03  3000000.000632907730 +1.6216372367807708e-03
2023-10-19T15:13:25.000 3.197376894637938221e+03 1.307216068400443191e+03  3000000.000401396770 +1.0940019109284549e-03
2023-10-19T15:13:35.000 3.390405744677957500e+03 1.280858275079782061e+03  2999999.997984771151 -1.5955980001081116e-03
2023-10-19T15:13:45.000 2.692439842074147691e+03 1.254189121084653834e+03  3000000.000003014226 +2.2117868081750203e-04
2023-10-19T15:13:55.000 3.156411856201299543e+03 1.263119189849766826e+03  2999999.998342456296 -1.5450986797986843e-03
2023-10-19T15:14:05.000 3.242040541322464378e+03 1.248103665755115117e+03  3000000.000290869735 +3.8589832422530890e-04
2023-10-19T15:14:15.000 3.819617322136004532e+03 1.302458026389880615e+03  3000000.001606882550 +1.7261041676874811e-03
2023-10-19T15:14:25.000 3.409991925284286481e+03 1.317473371805863962e+03  2999999.999977214262 +6.8728986093447020e-05
2023-10-19T15:14:35.000 4.026883136170338275e+03 1.292689585829743919e+03  2999999.998609059490 -1.5269203919388019e-03
2023-10-19T15:14:45.000 3.952156456529312436e+03 1.296793988997626002e+03  3000000.001436428633 +6.6332974017768720e-04
2023-10-19T15:18:15.000 4.643060462375447059e+03 1.893873778729413743e+03  4125508.527380770538 +3.5099566889584821e-04
2023-10-19T15:18:25.000 4.787714339139908589e+03 1.899370062830915231e+03  4125501.250746657141 -2.3865724779170705e-04
2023-10-19T15:18:35.000 4.879007428485160744e+03 1.866761182447454530e+03  4125493.972214005888 +1.7842617103269731e-04
2023-10-19T15:18:45.000 4.955918682733689820e+03 1.781505112337397122e+03  4125486.687270422466 -1.0454859523179039e-03
2023-10-19T15:18:55.000 4.946901475703341930e+03 1.822298764112486879e+03  4125479.400060649496 +1.4346386800525579e-03
2023-10-19T15:19:05.000 4.762706307584743627e+03 1.883242653032348244e+03  4125472.102797985077 +2.1319474831216212e-04
2023-10-19T15:19:15.000 4.948102830436601835e+03 1.932124766562065361e+03  4125464.799111502711 -1.6736698033810171e-03
2023-10-19T15:19:25.000 5.181455305993780712e+03 1.865434867855698712e+03  4125457.496053096838 +1.1041708063430633e-03
2023-10-19T15:19:35.000 4.840646051278648883e+03 1.775298099356724833e+03  4125450.187787903473 -2.9358714618865633e-04
2023-10-19T15:21:15.000 3.260241219577445463e+03 1.309581260443999554e+03  2999999.995716731995 -1.3180942230519577e-03
2023-10-19T15:21:25.000 3.310159623343512067e+03 1.270647691318079524e+03  3000000.001829390414 +2.1482305055542383e-03
2023-10-19T15:21:35.000 3.108660586810531186e+03 1.252804160629902071e+03  2999999.997155661695 -3.2457556983445102e-03
2023-10-19T15:21:45.000 3.240587308303553073e+03 1.271228298764434157e+03  3000000.002484323923 +2.5510581444905256e-03
2023-10-19T15:21:55.000 2.845598608006176164e+03 1.289362140868983261e+03  2999999.997835658025 -1.0997731228599150e-03
2023-10-19T15:22:05.000 3.116423503090246868e+03 1.212091141411648778e+03  2999999.998532503378 +5.7167144996128627e-04
2023-10-19T15:22:15.000 3.331635300477615601e+03 1.307311116852126816e+03  2999999.997473386582 +4.3672508127201581e-05
2023-10-19T15:22:25.000 3.121383959563497228e+03 1.289575259711944000e+03  2999999.995471558534 -2.1312243325155578e-03
2023-10-19T15:22:35.000 3.703296204993320771e+03 1.303922807124775545e+03  2999999.999586144928 +1.0318045464146053e-03
2023-10-19T15:22:45.000 3.516809968089403810e+03 1.301887306756199223e+03  3000000.000949092675 +8.0367570990347303e-04
2023-10-19T15:22:55.000 3.315839488222896307e+03 1.311710046819945774e+03  3000000.000603491906 -1.3934143919414055e-03
2023-10-19T15:23:05.000 3.902157592044839930e+03 1.261492004898500682e+03  3000000.003618785180 +1.5608389639965026e-04
2023-10-19T15:23:15.000 3.705395500211230228e+03 1.356484457703302951e+03  3000000.003980244976 +3.7741947926406283e-04
2023-10-19T15:23:25.000 3.377448944460987605e+03 1.327732283978721625e+03  3000000.001651322003 +4.9475235471163614e-04
2023-10-19T15:23:35.000 3.855312958971758235e+03 1.344692650086957883e+03  2999999.993724247441 -7.9137708178222965e-04
2023-10-19T15:23:45.000 3.395557737846532746e+03 1.280371258065174516e+03  2999999.982081616763 +3.8440156970409589e-04
2023-10-19T15:25:15.000 5.970463640952008973e+03 1.996247450142570415e+03  4125199.141682177316 -1.3409576503136122e-03
2023-10-19T15:25:25.000 6.294292828381457184e+03 1.954636881548119845e+03  4125191.680883007590 +1.1623653504102549e-03
2023-10-19T15:25:35.000 4.761376256355272744e+03 1.964702923731446390e+03  4125184.207334389444 +1.5709513104411599e-04
2023-10-19T15:25:45.000 4.994458119984649784e+03 1.913220304259029490e+03  4125176.726364063565 -1.8267629718593525e-04
2023-10-19T15:25:55.000 5.276389489284419142e+03 1.950743170187304713e+03  4125169.238951658830 -7.2639770996829611e-04
2023-10-19T15:26:05.000 5.235394277468376458e+03 1.907898431883503690e+03  4125161.748406056780 -1.1487550204947183e-04
2023-10-19T15:26:15.000 5.472491128734901395e+03 1.908023262295027735e+03  4125154.254222236108 -3.0860663275689149e-04
2023-10-19T15:26:25.000 5.386065975532373159e+03 1.905653105801480251e+03  4125146.760271924082 +2.1976900249001119e-03
2023-10-19T15:26:35.000 5.946237137586604149e+03 1.995080793371082109e+03  4125139.256210366264 -1.6233300823387253e-03
2023-10-19T15:26:45.000 6.083906947308587405e+03 1.958681025146426236e+03  4125131.750630840659 +4.1768926507756987e-04
2023-10-19T15:28:15.000 3.333740275508710056e+03 1.339484933417028287e+03  2999999.999578783289 -1.5680453143431805e-03
2023-10-19T15:28:25.000 3.352008063599334491e+03 1.339718948599357191e+03  3000000.007120997179 +6.2922891481775878e-04
2023-10-19T15:28:35.000 3.480632541491497250e+03 1.280393463062903720e+03  3000000.005785181187 -1.3995696714346195e-03
2023-10-19T15:28:45.000 3.482613338271618431e+03 1.286786662506538050e+03  3000000.007145915180 +1.9728628055872832e-03
2023-10-19T15:28:55.000 3.410739949588877607e+03 1.274998279108800944e+03  3000000.002788498066 +7.5235997201161808e-04
2023-10-19T15:29:05.000 3.289490811037171170e+03 1.322824595125262249e+03  2999999.999051435385 +6.7637402594300511e-05
2023-10-19T15:29:15.000 3.348884278922189878e+03 1.254150903897071203e+03  2999999.995765682310 -1.0886043459095163e-03
2023-10-19T15:29:25.000 3.265336148499152841e+03 1.279084814277806345e+03  2999999.994967944454 -1.1445121662063684e-03
2023-10-19T15:29:35.000 3.439814950561255500e+03 1.323362630948182414e+03  2999999.997386985458 +5.3908606366803724e-04
2023-10-19T15:29:45.000 3.249891052973605838e+03 1.286370391637679177e+03  2999999.997790209483 -9.8286919501333614e-04
2023-10-19T15:29:55.000 3.330708399371397718e+03 1.260184473078002384e+03  3000000.001633874141 +4.1240348809878924e-04
2023-10-19T15:30:05.000 3.792570340617476631e+03 1.309127812644563846e+03  3000000.004081200343 +9.3550172596224002e-04
2023-10-19T15:30:15.000 3.993155577581214857e+03 1.376645187375549995e+03  3000000.003549994901 +4.3432358154404938e-04
2023-10-19T15:30:25.000 3.369214156434122742e+03 1.329116425450865108e+03  2999999.999373234343 +5.6514867992518703e-05
2023-10-19T15:30:35.000 3.497699774532362881e+03 1.313034580189509143e+03  2999999.987567115575 -1.9806186251116742e-03
2023-10-19T15:30:45.000 3.299955129469345593e+03 1.205741089233420098e+03  2999999.972323725000 +1.1044232815038413e-03
2023-10-19T15:32:15.000 5.421455486882435252e+03 2.035213817153177615e+03  4124881.556300060358 +1.4416393323699594e-03
2023-10-19T15:32:25.000 5.545293104527478135e+03 1.913335774291405414e+03  4124873.898926422931 -1.1247863899370714e-03
2023-10-19T15:32:35.000 5.984319810293773116e+03 1.916795643827368849e+03  4124866.238143268973 -5.0821474087570095e-04
2023-10-19T15:32:45.000 5.177529226447453766e+03 1.898385632639734467e+03  4124858.571970246267 +7.3741788389725116e-04
2023-10-19T15:32:55.000 4.951250587944810832e+03 1.844818339531224638e+03  4124850.898999387398 -3.2330988040030206e-04
2023-10-19T15:33:05.000 5.348520617915793991e+03 1.896025770738083565e+03  4124843.227130267769 +2.4840348651196109e-03
2023-10-19T15:33:15.000 6.531740108196351684e+03 2.098783031109342119e+03  4124835.546143153217 -2.2269366634191101e-03
2023-10-19T15:33:25.000 5.741832389850031177e+03 2.002555150916493176e+03  4124827.871124974918 +7.7872368672160519e-04
2023-10-19T15:33:35.000 5.365380355360848625e+03 1.825240381780687130e+03  4124820.188961916137 +6.0606084684877715e-04
2023-10-19T15:33:45.000 5.179844154361028814e+03 1.814905133136879385e+03  4124812.497048680671 -3.0433340043600765e-04
2023-10-19T15:35:15.000 3.325705623642829778e+03 1.293046362954890583e+03  2999999.997290536296 -1.0454842151830235e-03
2023-10-19T15:35:25.000 3.436571471219705018e+03 1.333337383694097980e+03  3000000.003575803712 +5.3804619483344140e-05
2023-10-19T15:35:35.000 3.117060753369189570e+03 1.326855401871454887e+03  3000000.005421371199 +1.1981396858118387e-03
2023-10-19T15:35:45.000 2.615671219181445394e+03 1.281530980569855956e+03  3000000.001480286475 -8.9727385045534902e-04
2023-10-19T15:35:55.000 3.227643806149752891e+03 1.338536437042772150e+03  2999999.999894686509 +3.7238758613966638e-04
2023-10-19T15:36:05.000 3.742211452756073868e+03 1.340880721179650209e+03  2999999.996305023786 -5.0643408326322970e-04
2023-10-19T15:36:15.000 3.531505347051282570e+03 1.249639159899317974e+03  2999999.995774806943 +7.4185034236506908e-04
2023-10-19T15:36:25.000 2.603921949596940522e+03 1.277221855476286464e+03  2999999.993905342650 -7.2050672099521762e-04
2023-10-19T15:36:35.000 3.218677218814197659e+03 1.259469755148435070e+03  2999999.995280935429 -4.1660499618956237e-04
2023-10-19T15:36:45.000 3.457991737461758476e+03 1.242107135320218958e+03  2999999.998238332570 +1.9732559337626299e-04
2023-10-19T15:36:55.000 3.122525193998852501e+03 1.245795578942449993e+03  3000000.000866900664 -2.8511669711406284e-04
2023-10-19T15:37:05.000 2.946833779775134190e+03 1.192251174754887188e+03  3000000.003912542015 -3.3380710192432161e-04
2023-10-19T15:37:15.000 3.163444535643327981e+03 1.280769295445941452e+03  3000000.007808584720 +1.5315708693606211e-03
2023-10-19T15:37:25.000 3.417035517758646620e+03 1.172926775120364027e+03  3000000.005854727700 -9.6742071946209762e-05
2023-10-19T15:37:35.000 3.332651769551518555e+03 1.279776504578314189e+03  3000000.000514040701 -1.2348070050620663e-03
2023-10-19T15:37:45.000 3.285827089799228816e+03 1.217623671647777428e+03  2999999.992517012637 +5.7984594559457037e-04
2023-10-19T15:39:15.000 5.462007719078265836e+03 1.973968556963210631e+03  4124556.164477356710 -6.9913786546749179e-04
2023-10-19T15:39:25.000 6.155283294439417659e+03 1.938248595753296286e+03  4124548.333315509371 +1.3032373609576098e-03
2023-10-19T15:39:35.000 5.691979568298503182e+03 1.963988126108648657e+03  4124540.488737464882 -1.3984423991360018e-03
2023-10-19T15:39:45.000 5.480971671831755884e+03 1.971216076047232264e+03  4124532.643743744120 -1.7273185562771687e-04
2023-10-19T15:39:55.000 5.794794610540993745e+03 1.985484349474545070e+03  4124524.796436578967 +9.4305230481950275e-04
2023-10-19T15:40:05.000 5.030648978842783436e+03 1.971734612986702132e+03  4124516.945000367705 -4.8133551104001526e-05
2023-10-19T15:40:15.000 5.208111301509917212e+03 2.005280048652744199e+03  4124509.090237348340 -8.3879953172072419e-04
2023-10-19T15:40:25.000 5.940618268999315660e+03 1.970397411553195525e+03  4124501.230976391118 +3.2045194961938250e-04
2023-10-19T15:40:35.000 5.871209348426110409e+03 2.004388052357566721e+03  4124493.359751732554 +2.8245974021956499e-05
2023-10-19T15:40:45.000 5.199811721057900286e+03 1.863096679981632406e+03  4124485.473298567347 -4.3388391532062087e-05
2023-10-19T15:42:15.000 3.330100611553250019e+03 1.264059114335654385e+03  3000000.006388385314 +1.1728133353017256e-03
2023-10-19T15:42:25.000 3.377607498131398643e+03 1.240990257712921220e+03  3000000.002876551356 +1.3290152674017008e-04
2023-10-19T15:42:35.000 2.884862282118221628e+03 1.160056476651804360e+03  2999999.998490502592 -1.6466683831595219e-03
2023-10-19T15:42:45.000 2.803329614201443746e+03 1.150694794847380535e+03  2999999.997560291085 -3.0590256437790231e-04
2023-10-19T15:42:55.000 3.446998635526321323e+03 1.219453432269607447e+03  2999999.996738044079 +4.7647845201481687e-04
2023-10-19T15:43:05.000 2.923082055514065360e+03 1.289451029717118899e+03  2999999.995427767280 -9.0303716660855571e-05
2023-10-19T15:43:15.000 3.284351227105665657e+03 1.302605626581811293e+03  2999999.996597749647 +9.0018255355062138e-04
2023-10-19T15:43:25.000 3.319022074938528476e+03 1.215746445305669567e+03  2999999.996360664722 -3.7146060947179649e-04
2023-10-19T15:43:35.000 3.012530912896105747e+03 1.202990410182132791e+03  2999999.997768861242 -6.5831524966597499e-04
2023-10-19T15:43:45.000 3.614607425169341241e+03 1.176940050053919094e+03  3000000.000699494500 +2.3484819337227236e-04
2023-10-19T15:43:55.000 3.173354172703584936e+03 1.174303721188892041e+03  3000000.002836977132 +4.3087927031137951e-04
2023-10-19T15:44:05.000 3.309988818514997092e+03 1.222171536912955389e+03  3000000.003005568404 -6.9030739518893824e-04
2023-10-19T15:44:15.000 3.051434724901055233e+03 1.246565713545426433e+03  3000000.003791692201 +1.2744986418056214e-04
2023-10-19T15:44:25.000 3.137335125854896432e+03 1.181472035019785380e+03  3000000.001610754523 +8.0232196410179313e-05
2023-10-19T15:44:35.000 2.991534958159850703e+03 1.162119704471495197e+03  2999999.996746328659 +3.4008629222626041e-04
2023-10-19T15:44:45.000 3.370292983317929156e+03 1.256480963500492635e+03  2999999.987131510396 -1.6675973813562450e-04
2023-10-19T15:46:15.000 5.522247428132098321e+03 1.886695964624876297e+03  4124223.597424681764 +7.2820861305444851e-05
2023-10-19T15:46:25.000 5.336782164012777685e+03 1.937693519507064366e+03  4124215.584628541954 -4.8178730662584712e-04
2023-10-19T15:46:35.000 5.111633880328177838e+03 1.929458838837412486e+03  4124207.572492421605 +4.6313456050484092e-04
2023-10-19T15:46:45.000 5.884338926213731611e+03 2.102184026983869444e+03  4124199.558396111708 +4.6748611146085750e-04
2023-10-19T15:46:55.000 5.954184224526524304e+03 2.123474270508349491e+03  4124191.540545711759 -6.5698410162440268e-04
2023-10-19T15:47:05.000 5.634468532623278406e+03 1.937039672930479128e+03  4124183.519654155243 -9.7440481340527185e-05
2023-10-19T15:47:15.000 5.289090185288038811e+03 1.812938601820584154e+03  4124175.492030445021 +1.1797973490956792e-04
2023-10-19T15:47:25.000 5.348422505298042779e+03 1.831730422777771764e+03  4124167.458094100468 +7.0332624363800278e-04
2023-10-19T15:47:35.000 5.763533815149107795e+03 1.946493632204101687e+03  4124159.417595234700 -5.9638125094352290e-04
2023-10-19T15:47:45.000 6.039890242603032675e+03 2.043416875062650661e+03  4124151.379696154501 +1.4515616976495949e-04
2023-10-19T15:49:15.000 3.204987211455673787e+03 1.261737808124767753e+03  3000000.001651860774 -9.6361741725559114e-04
2023-10-19T15:49:25.000 3.171564342909603965e+03 1.159834428463551376e+03  3000000.007161249407 +1.5021279303937263e-03
2023-10-19T15:49:35.000 3.721792353002910659e+03 1.264126962196131672e+03  3000000.005615094677 +1.8503119270008028e-04
2023-10-19T15:49:45.000 3.048165433621482407e+03 1.213281605473997843e+03  3000000.002271277830 -1.1003432980487560e-03
2023-10-19T15:49:55.000 3.445363170063296366e+03 1.238970034327820485e+03  2999999.999731071759 -9.1380272965579934e-04
2023-10-19T15:50:05.000 3.115690213427445542e+03 1.197890683744599755e+03  2999999.998889732175 +7.5900572744558303e-04
2023-10-19T15:50:15.000 3.222704843383161915e+03 1.285237415489719524e+03  2999999.997026688885 +5.9472730879406299e-04
2023-10-19T15:50:25.000 3.097893938575748507e+03 1.291499071898152806e+03  2999999.996216546744 +3.4123778414141270e-04
2023-10-19T15:50:35.000 3.687007503897702918e+03 1.312798310444953358e+03  2999999.996460168622 -5.3332006928030751e-05
2023-10-19T15:50:45.000 2.856828490789651823e+03 1.198328548261370543e+03  2999999.998169790022 +4.2458086795704730e-05
2023-10-19T15:50:55.000 3.423861571145199377e+03 1.276986737095282251e+03  2999999.999548369087 -6.7935528431917191e-04
2023-10-19T15:51:05.000 2.906283923362424048e+03 1.205174409297028888e+03  3000000.001591379289 -4.6640403888886794e-04
2023-10-19T15:51:15.000 3.358860852773048919e+03 1.284845228857280972e+03  3000000.003073468804 +4.7860916856734548e-04
2023-10-19T15:51:25.000 3.251185505317436764e+03 1.298270084371570420e+03  3000000.001404177863 +8.5156805903352506e-04
2023-10-19T15:51:35.000 3.122484464866739472e+03 1.239690288277310628e+03  2999999.993434149772 -9.4890754303378344e-04
2023-10-19T15:51:45.000 3.383523851932402522e+03 1.246297134156731545e+03  2999999.982463916298 +1.8526592441503453e-04
2023-10-19T15:53:15.000 2.907877034140871274e+03 1.179853881464182450e+03  2999999.990691399667 +8.5786392082809471e-04
2023-10-19T15:53:25.000 3.246201367858622689e+03 1.267168774589996474e+03  2999999.994058375247 -7.4080922763641865e-04
2023-10-19T15:53:35.000 3.050890428616160079e+03 1.184294320100472078e+03  3000000.003409184050 -1.3600910040167946e-04
2023-10-19T15:53:45.000 2.841161342531795981e+03 1.277280734814449488e+03  3000000.010133569129 +4.7000389815821109e-04
2023-10-19T15:53:55.000 3.363842933552194609e+03 1.176875142118110261e+03  3000000.010563679971 +4.8675808750431315e-04
2023-10-19T15:54:05.000 2.877198528097067083e+03 1.280126849017688983e+03  3000000.003679390531 -1.0761919666038011e-03
2023-10-19T15:54:15.000 3.462008331562184139e+03 1.247383842926206398e+03  2999999.996826530434 +3.9188487460251054e-04
2023-10-19T15:54:25.000 3.069099483023712310e+03 1.329391638305105062e+03  2999999.989997701719 -3.3336503304326470e-04
2023-10-19T15:54:35.000 3.258847256068609113e+03 1.250800759981013471e+03  2999999.994100310840 +2.3956697532412363e-04
2023-10-19T15:54:45.000 3.428242289105950931e+03 1.266564306228582609e+03  3000000.016289571766 -6.6019838527608954e-05
2023-10-19T15:58:57.000 3.291544814109980052e+03 1.219827556500309583e+03  3000000.005533501506 -1.2526346445156378e-03
2023-10-19T15:59:07.000 3.120508537320596588e+03 1.214673703157854789e+03  3000000.002885863651 +8.8301250127642561e-04
2023-10-19T15:59:17.000 3.163630847086230006e+03 1.238514097684044827e+03  3000000.000751170795 +1.3072449164610589e-03
2023-10-19T15:59:27.000 3.296075772340401272e+03 1.268007684040467211e+03  2999999.997390226927 -1.0086827876421012e-03
2023-10-19T15:59:37.000 3.329976082116847010e+03 1.213626322838063743e+03  2999999.997732798569 -7.5180875933256175e-04
2023-10-19T15:59:47.000 3.108100470014873736e+03 1.156286804444414884e+03  2999999.999452001881 -2.9223885235296621e-05
2023-10-19T15:59:57.000 3.108848062720475809e+03 1.204558121904758082e+03  3000000.002696440089 +1.5279217119541499e-03
2023-10-19T16:00:07.000 3.569257906633477432e+03 1.222777323312436693e+03  3000000.002740277443 -4.2165788613601762e-04
2023-10-19T16:00:17.000 3.539958907970690234e+03 1.274146594979785505e+03  3000000.004426625092 -3.2214031716648606e-04
2023-10-19T16:00:27.000 3.159695327869340872e+03 1.153331669838418975e+03  3000000.004925962538 +2.0167633215351088e-04
