# Observation conducted on 2023.10.19 at Wz rev. 2
# Base frequency: 8432.00 MHz BW: 2 kHz dF: 0.2 Hz dT: 10.0 s Nscans: 1
# Format: UTC Time     |    Signal-to-Noise     |      Spectral max      | Freq detection [Hz] |   Doppler noise [Hz]  |
# 
2023-10-19T14:00:05.000 8.292928663383955623e+00 4.709727581247711292e+00  2999539.120489547495 +3.1096204065260565e+01
2023-10-19T14:00:15.000 7.771576741912197939e+00 4.948219373701191692e+00  2999489.700058979914 -1.5000299907368378e+02
2023-10-19T14:00:25.000 6.031097349132573449e+00 3.854412581742449717e+00  3000460.816859857645 +3.7268089360085446e+02
2023-10-19T14:00:35.000 6.755070151231985953e+00 4.498613439825993154e+00  3000219.093752145767 -1.4771015894049219e+02
2023-10-19T14:00:45.000 9.829256634151402494e+00 5.459937610410210418e+00  3000258.679603175260 -4.7376875002503994e+01
2023-10-19T14:00:55.000 6.621953148321805038e+00 4.310034833281677358e+00  3000243.401383787859 +2.8479912146405081e+02
2023-10-19T14:01:05.000 7.437888359496076518e+00 4.659452897355323309e+00  2999245.435221329797 -2.5956397066842828e+02
2023-10-19T14:01:15.000 6.536183460279114676e+00 4.486155144121315885e+00  2999282.406326021068 +1.2326147215357327e+02
2023-10-19T14:01:25.000 6.721230121975370508e+00 4.338738765688132659e+00  2999207.201483495533 +1.3343466618063277e+02
2023-10-19T14:01:35.000 7.783872465025146958e+00 4.843033084246545883e+00  2999138.501135545783 -1.0741182340930516e+02
2023-10-19T14:01:45.000 8.037247773009413621e+00 4.626003785314289019e+00  2999449.810501089320 +2.7368713934037146e+01
2023-10-19T14:05:15.000 8.712451299464319732e+00 5.363177742881839016e+00  2999679.314505980816 -3.9258296150584601e+02
2023-10-19T14:05:25.000 4.919592732388978540e+00 3.598204234365431020e+00  3000951.338801363483 +1.0699238569761687e+03
2023-10-19T14:05:35.000 6.234578770098400113e+00 3.982242731217629839e+00  2999226.430416240357 -5.4944249174620927e+02
2023-10-19T14:05:45.000 6.996416627937082744e+00 4.957895268243152742e+00  3000156.579207065981 +4.1842531350992101e+02
2023-10-19T14:05:55.000 5.965201793444133926e+00 4.049011765129667317e+00  2999845.858350851107 +9.3857650973598084e+01
2023-10-19T14:06:05.000 5.533647450005694246e+00 3.986784806452333019e+00  3000190.565840248484 +3.8858598449176770e+02
2023-10-19T14:06:15.000 6.998390737846833964e+00 4.204490250903146098e+00  2999078.791057268623 -7.9465402925996295e+02
2023-10-19T14:06:25.000 6.996140808214982520e+00 4.177794778099376494e+00  3000214.871190729085 +2.6237041016004730e+02
2023-10-19T14:06:35.000 5.773690412470023681e+00 4.142913286639805293e+00  3000228.089135629591 +2.0212367982385933e+02
2023-10-19T14:06:45.000 6.864813227075035051e+00 4.185996979136873186e+00  2999810.212316396646 -2.7112290982880484e+02
2023-10-19T14:06:55.000 7.880306605829471955e+00 4.344520441446489301e+00  3000247.682175660040 +1.4093490727678909e+02
2023-10-19T14:07:05.000 5.767424959367472681e+00 4.218446877628940328e+00  3000183.866019632667 +9.2922731716287444e+01
2023-10-19T14:07:15.000 5.617238600215171296e+00 4.196862369091567402e+00  3000361.420661355369 +3.3818767530678883e+02
2023-10-19T14:07:25.000 6.001342768964827989e+00 3.982606630561427163e+00  2999592.316781183239 -3.0114074491825056e+02
2023-10-19T14:07:35.000 5.944061682880589004e+00 4.196070885793711902e+00  2999511.013118372299 -1.8093988163451536e+02
2023-10-19T14:07:45.000 6.734584036720779210e+00 4.439313464939530718e+00  2999526.019697834272 +1.1650580302098149e+02
2023-10-19T14:09:15.000 6.791362437731982560e+00 4.408632052429042325e+00  3000108.286687901709 +1.4971768165912272e+02
2023-10-19T14:09:25.000 6.095006403951330753e+00 3.969453174446356591e+00  3000627.782792326529 +4.0177420854564821e+02
2023-10-19T14:09:35.000 7.167702109172669367e+00 4.909955852162354084e+00  2999427.492608956527 -9.1334324693803342e+02
2023-10-19T14:09:45.000 7.928870946938326725e+00 4.352772100950196510e+00  3000604.791538473684 +2.4984254261734213e+02
2023-10-19T14:09:55.000 7.895664853115511583e+00 4.584252136397317656e+00  3000639.675242946949 +3.2754213924230339e+02
2023-10-19T14:10:05.000 6.013613021587459251e+00 3.991660312601479799e+00  3000766.241508453153 +5.1871282456072913e+02
2023-10-19T14:10:15.000 8.912384814331110405e+00 5.119831957746059814e+00  2999797.669014190324 -3.8943110874711192e+02
2023-10-19T14:10:25.000 8.114187838096315275e+00 4.672786331228238055e+00  3000020.877957447898 -1.2622620962571966e+02
2023-10-19T14:10:35.000 6.449509002812079395e+00 4.154704758415218357e+00  3000764.306696660351 +6.3074829675729939e+02
2023-10-19T14:10:45.000 5.597855993976360800e+00 3.894382559802723520e+00  2999478.047623760998 -6.6366209628047181e+02
2023-10-19T14:10:55.000 7.845117832816591807e+00 4.671615801563924641e+00  3000044.427223939449 -1.1107559483563705e+02
2023-10-19T14:11:05.000 7.257673823712405436e+00 4.159230806238239708e+00  3000281.752818923444 +1.3470416121644303e+02
2023-10-19T14:11:15.000 5.803515376862030450e+00 4.311622878885823518e+00  3000753.374239430763 +6.7728129302115008e+02
2023-10-19T14:11:25.000 7.595690347784453067e+00 4.997328904492634116e+00  2999741.895094217733 -1.4758952585718987e+02
2023-10-19T14:11:35.000 6.072090570341414306e+00 4.348989395897726595e+00  2999097.084792685229 -4.2355952447877792e+02
2023-10-19T14:11:45.000 7.323979477079177514e+00 3.897956273104906444e+00  2999038.591047377791 +1.4955819031873196e+02
2023-10-19T14:16:15.000 5.487703277537688606e+00 4.205363144801642861e+00  2999693.198143185116 -2.6367714544463900e+02
2023-10-19T14:16:25.000 5.173904985197012252e+00 3.932882486337224481e+00  2999314.968072720338 -3.7335152483881507e+02
2023-10-19T14:16:35.000 6.032872124790812585e+00 3.870050054386130256e+00  2999596.699042509776 -1.3889777413433762e+02
2023-10-19T14:16:45.000 5.085047068132507064e+00 3.869098528635337431e+00  3000558.838389649987 +6.7930361559688777e+02
2023-10-19T14:16:55.000 7.189764832948729811e+00 4.492256866439386265e+00  3000128.180158840027 +1.3965604895800175e+02
2023-10-19T14:17:05.000 6.765241421513016995e+00 4.576387497678052085e+00  3000340.471438815352 +3.3833100666244627e+02
2023-10-19T14:17:15.000 6.983485314234775920e+00 4.222829436295565841e+00  2999376.538449247368 -5.3822802355448994e+02
2023-10-19T14:17:25.000 1.066279391571995916e+01 5.923022447817505309e+00  2999734.814487877768 -2.4399755794706380e+01
2023-10-19T14:17:35.000 7.602758381218144734e+00 4.739639271856348479e+00  2999855.616685351357 +2.6526949284026773e+02
2023-10-19T14:17:45.000 8.149110771142531462e+00 4.329143731895774394e+00  2999028.220803414006 -4.4048155553920441e+02
2023-10-19T14:17:55.000 7.261040499788715685e+00 4.568592551467423490e+00  2999293.697980292141 -1.5041455023078868e+02
2023-10-19T14:18:05.000 6.158036631934594496e+00 4.496812388837930996e+00  2999953.217076202855 +4.1388867758338222e+02
2023-10-19T14:18:15.000 6.260187658350190532e+00 3.994658308816782188e+00  3000676.574573786929 +9.4293385927433337e+02
2023-10-19T14:18:25.000 6.220684507219564452e+00 4.450708656159548582e+00  3000055.816549579613 +1.0931410424636601e+02
2023-10-19T14:18:35.000 8.032343746751136493e+00 4.882536419342025980e+00  2999163.843125145882 -8.5730780492198232e+02
2023-10-19T14:18:45.000 8.259893131008473333e+00 5.152328133241669939e+00  3000068.465097101871 +3.6023506155161317e+02
2023-10-19T14:20:15.000 1.561404949019724427e+03 6.763501080313002376e+02  4126985.381133711431 -7.2183703539394628e-03
2023-10-19T14:20:25.000 1.638554019135010549e+03 6.331364405151003893e+02  4126979.454779082444 +6.8494791259468002e-03
2023-10-19T14:20:35.000 1.512050340395862804e+03 6.223148238289785468e+02  4126973.494342097081 -1.2564159529233621e-03
2023-10-19T14:20:45.000 1.754093795088718025e+03 7.210364345027005584e+02  4126967.539617865346 +5.1904810652558808e-03
2023-10-19T14:20:55.000 1.698470330488426725e+03 6.595629281432252355e+02  4126961.549288715702 -1.8087671625551138e-02
2023-10-19T14:21:05.000 1.742569033127451576e+03 7.062232660777885940e+02  4126955.613028700929 +1.5954622139588537e-02
2023-10-19T14:21:15.000 1.527222657157984031e+03 6.166105735301005097e+02  4126949.618784658611 -6.8095342500669176e-03
2023-10-19T14:21:25.000 1.454402867811617398e+03 5.959829314808757772e+02  4126943.655702018645 +1.4695894132898957e-03
2023-10-19T14:21:35.000 1.423910900565186466e+03 6.286658199344883542e+02  4126937.681460371241 -1.8228706885565771e-03
2023-10-19T14:21:45.000 1.461446702322855117e+03 6.343058464142751518e+02  4126931.712534968741 +7.1833847437119402e-04
2023-10-19T14:23:15.000 6.825714187605210093e+00 4.577080329490165411e+00  3000609.917648232542 +4.8829017758638247e+02
2023-10-19T14:23:25.000 7.557563262281443706e+00 4.660161745868533600e+00  2999307.056023010518 -9.3667470050851261e+02
2023-10-19T14:23:35.000 7.434376348887207442e+00 4.646906277530675311e+00  3000938.854861208703 +6.6070915658396666e+02
2023-10-19T14:23:45.000 6.407959027303926192e+00 4.169923246037380515e+00  3000258.925384736620 +4.8344448353359439e+00
2023-10-19T14:23:55.000 7.999450803541070520e+00 5.073099545225675300e+00  3000480.374207176268 +2.8225271697818403e+02
2023-10-19T14:24:05.000 6.180517317450810566e+00 3.922891844724012866e+00  2999394.417083781213 -7.3885897429979900e+02
2023-10-19T14:24:15.000 7.343411158050869858e+00 4.904886283291910232e+00  2999931.039903508034 -1.4718419112374943e+02
2023-10-19T14:24:25.000 6.247592827369344626e+00 4.003889552926225726e+00  3000295.248707046732 +2.4883580079741137e+02
2023-10-19T14:24:35.000 6.209964303229860150e+00 4.007909907268177641e+00  3000918.783606945071 +8.7356884549069878e+02
2023-10-19T14:24:45.000 6.137429866478806062e+00 4.487235823692326875e+00  2999045.846247877460 -1.0292277498113933e+03
2023-10-19T14:24:55.000 5.978143680074510691e+00 4.043481888259293555e+00  3000038.889448263217 -8.9764679854149563e+01
2023-10-19T14:25:05.000 5.458996922265873408e+00 4.205742998030676638e+00  3000279.141553338617 +8.9156604905218273e+01
2023-10-19T14:25:15.000 6.686267450287423308e+00 4.621888399090559041e+00  3000566.315090854187 +3.3270544720093244e+02
2023-10-19T14:25:25.000 6.522117459675145668e+00 4.474381148675734110e+00  3000657.760326822754 +4.3402843189582040e+02
2023-10-19T14:25:35.000 6.382534919826657216e+00 4.257464492869978301e+00  2999224.971944836434 -8.8839104149571392e+02
2023-10-19T14:25:45.000 7.347078945780496362e+00 4.570550915254663060e+00  3000086.280873390380 +2.4281196170797216e+02
2023-10-19T14:27:15.000 1.238200905942567033e+03 5.633458022018716065e+02  4126731.030692291912 -1.8655358267096744e-03
2023-10-19T14:27:25.000 1.127477788326620384e+03 4.807671251868215450e+02  4126724.841212139931 +1.6885502688836596e-02
2023-10-19T14:27:35.000 1.018978784583786478e+03 4.240747137788142709e+02  4126718.562270593364 -6.3664520038315686e-02
2023-10-19T14:27:45.000 1.260279163350860927e+03 5.066208622015494711e+02  4126712.506661217660 +5.5548944748920803e-02
2023-10-19T14:27:55.000 1.166904214521956419e+03 5.293932577459171398e+02  4126706.263829835225 -2.3908191216861496e-02
2023-10-19T14:28:05.000 1.299567502385553780e+03 5.629899482603641445e+02  4126700.094893435948 -1.8121915050642201e-02
2023-10-19T14:28:15.000 1.374416335642234799e+03 5.647567856919597489e+02  4126693.914775610901 +6.1331464349052567e-03
2023-10-19T14:28:25.000 1.362868002812946997e+03 6.129429359767475489e+02  4126687.693349551875 +1.7364549903049920e-02
2023-10-19T14:28:35.000 1.346843700369228145e+03 5.437448228823531053e+02  4126681.435449226294 -1.5798964162485163e-02
2023-10-19T14:28:45.000 1.167884080928107323e+03 5.341956584263118657e+02  4126675.325821312610 +5.1722887087919389e-03
2023-10-19T14:30:15.000 5.587161328289447226e+00 4.530519204423791635e+00  2999287.673587859143 -1.1264791984298768e+03
2023-10-19T14:30:25.000 6.720896067534636309e+00 4.593228603767962603e+00  3000829.315991097596 +3.8633709321928700e+02
2023-10-19T14:30:35.000 5.832290612690250065e+00 4.129947657284259499e+00  3000346.289644111879 +6.5071107976642452e+01
2023-10-19T14:30:45.000 5.437197592975858029e+00 4.219570379237248758e+00  3000471.512824697420 +3.6900420042107316e+02
2023-10-19T14:30:55.000 6.042614390978924277e+00 4.705017073758299695e+00  2999771.771670457907 -2.2679255201931414e+02
2023-10-19T14:31:05.000 6.321770124875544461e+00 4.179764783255736305e+00  3000072.845576498657 +7.6282090930160848e+01
2023-10-19T14:31:15.000 6.439443434491152196e+00 4.413037790956823692e+00  3000702.435735676903 +6.2590311494670982e+02
2023-10-19T14:31:25.000 7.023195243324246384e+00 4.727767160272984270e+00  2999211.830047436524 -9.7690079774557262e+02
2023-10-19T14:31:35.000 6.854931589482136545e+00 4.278025981085035845e+00  3000013.626659336034 -2.5740868454397980e+02
2023-10-19T14:31:45.000 6.027874537005732059e+00 4.208605819924611247e+00  3000932.816738746129 +6.6649051153589130e+02
2023-10-19T14:31:55.000 7.402008030300446961e+00 4.503409687182509558e+00  3000335.595524468925 +1.9572403578905028e+02
2023-10-19T14:32:05.000 8.233058183073605818e+00 5.098625762529798600e+00  3000164.742229313124 +2.6803026670140525e+02
2023-10-19T14:32:15.000 7.009026502826579907e+00 4.401886837530253338e+00  2999089.746026869398 -5.0930025497092100e+02
2023-10-19T14:32:25.000 7.800588138737562183e+00 5.210491069619210158e+00  2999345.198342829943 -3.8417492572549065e+01
2023-10-19T14:32:35.000 6.790741315022169822e+00 4.718796784860423976e+00  2999534.887163247447 +5.5797437014994898e+01
2023-10-19T14:32:45.000 7.315357887882733223e+00 5.056970919220821870e+00  3000255.001996981446 +3.1552268126389436e+01
2023-10-19T14:34:15.000 1.500895510420187065e+03 5.569720023202563652e+02  4126467.217419499997 +2.5074949374328526e-02
2023-10-19T14:34:25.000 1.351902232021901455e+03 5.929711555047825868e+02  4126460.772766553331 -2.9055028121717896e-02
2023-10-19T14:34:35.000 1.445562806207946778e+03 6.258120329144582001e+02  4126454.396673274226 -3.8667148247100158e-03
2023-10-19T14:34:45.000 1.810504660514515763e+03 6.671386284477964637e+02  4126448.004181175958 +8.3350792485248348e-04
2023-10-19T14:34:55.000 1.256728297073605063e+03 5.736668017637864523e+02  4126441.630734714214 +2.5258830735907623e-02
2023-10-19T14:35:05.000 1.291206354851474316e+03 5.909291910761875215e+02  4126435.194100101478 +4.2153080346452043e-04
2023-10-19T14:35:15.000 1.440556804677318496e+03 5.698250433216609281e+02  4126428.745044958312 -1.2326665092246003e-02
2023-10-19T14:35:25.000 1.504789562203204923e+03 6.377533082603241610e+02  4126422.288874217775 -1.0897967997635760e-02
2023-10-19T14:35:35.000 1.641848738443748744e+03 6.908850089084830870e+02  4126415.864008764271 +1.4970818067240543e-02
2023-10-19T14:35:45.000 2.128368221897005242e+03 8.009596249286736338e+02  4126409.466594621073 -2.8118071516871623e-03
2023-10-19T14:37:15.000 7.586751374682275006e+00 5.160809296682276504e+00  2999927.604217929766 +2.1325715606834819e+01
2023-10-19T14:37:25.000 5.398157808860971407e+00 4.108988946276675769e+00  2999616.371052370407 -4.7080704328731679e+02
2023-10-19T14:37:35.000 6.367184973393351655e+00 4.359151226692327796e+00  3000635.288877662737 +4.5316432201147495e+02
2023-10-19T14:37:45.000 5.089641192584291041e+00 3.744849778689354203e+00  2999249.795758657623 -9.3465214844391437e+02
2023-10-19T14:37:55.000 7.078925438272204218e+00 4.334005318177400312e+00  3000359.358019561972 +2.5055739089503413e+02
2023-10-19T14:38:05.000 6.551965858637257334e+00 4.314806496796723678e+00  3000065.464777508751 +8.0980309411082771e+01
2023-10-19T14:38:15.000 6.774601411226885084e+00 4.359931105522239392e+00  3000609.423701104242 +7.6064644363589468e+02
2023-10-19T14:38:25.000 6.398183878255873758e+00 4.293155775624657444e+00  2999120.608938342426 -6.1965079006449753e+02
2023-10-19T14:38:35.000 5.377893466847960546e+00 3.734953012717884935e+00  2999282.468291648198 -4.0967403568315007e+02
2023-10-19T14:38:45.000 9.060819247696088041e+00 5.674092942580774235e+00  2999404.907675253227 -3.2068435542179162e+02
2023-10-19T14:38:55.000 6.242253561898821523e+00 4.153636713787439483e+00  2999749.169451064896 -9.3889709059537608e+01
2023-10-19T14:39:05.000 6.942029750856733017e+00 4.155439953567581668e+00  3000924.920910047367 +9.0331671220074918e+02
2023-10-19T14:39:15.000 6.659345789812407546e+00 4.218266746012001356e+00  3000655.148532514460 +4.4892393079291060e+02
2023-10-19T14:39:25.000 6.459578068195639844e+00 4.333479787343948786e+00  2999677.396948499605 -6.2578467207701419e+02
2023-10-19T14:39:35.000 5.134254897136587559e+00 3.877891569283724138e+00  2999487.558095343411 -6.8576901407117452e+02
2023-10-19T14:39:45.000 6.751625373427348364e+00 4.144380438769073471e+00  2999911.365404543467 +2.8593505989616267e+02
2023-10-19T14:41:15.000 1.950110362740541632e+03 8.177638214236970953e+02  4126194.161694662180 +5.4587473505307571e-03
2023-10-19T14:41:25.000 2.300346848067419160e+03 8.302627457781273961e+02  4126187.531893438660 -5.3251003933212360e-03
2023-10-19T14:41:35.000 2.127780754295905354e+03 8.811905220423515175e+02  4126180.912140046246 +2.1274163233044874e-03
2023-10-19T14:41:45.000 1.873984359218364943e+03 8.802165461346522761e+02  4126174.287093337160 +2.5826530634844858e-03
2023-10-19T14:41:55.000 2.209841546581460989e+03 8.523403718937421445e+02  4126167.656406139489 -3.3366534610479448e-03
2023-10-19T14:42:05.000 2.075257241829308441e+03 8.521752933746382723e+02  4126161.036448365077 +7.0094665157967029e-03
2023-10-19T14:42:15.000 2.121094569276378934e+03 8.801151464141424867e+02  4126154.380144353025 -7.4466929608831833e-03
2023-10-19T14:42:25.000 2.151780107200023849e+03 8.894621700708222534e+02  4126147.737017222680 +3.0015833139316328e-03
2023-10-19T14:42:35.000 1.826142551426527689e+03 7.589072162151769589e+02  4126141.080186601263 +2.7090783146377362e-04
2023-10-19T14:42:45.000 2.691594575287384032e+03 9.892601121470673888e+02  4126134.453249592334 -1.9349867741880189e-04
2023-10-19T14:44:15.000 8.923231306653388373e+00 5.143257012301613251e+00  3000140.654417502694 +1.1425489814146454e+02
2023-10-19T14:44:25.000 5.954920115460616614e+00 4.119726054149661643e+00  3000756.763204179239 +6.2202806628351232e+02
2023-10-19T14:44:35.000 5.571302165680614316e+00 3.977435508718641710e+00  2999936.810410080012 -2.4927247652264464e+02
2023-10-19T14:44:45.000 7.061782911086694980e+00 4.427898748814149243e+00  2999649.464983553160 -5.7538403809044803e+02
2023-10-19T14:44:55.000 6.438327284699338904e+00 4.333516714063673447e+00  2999947.298613317776 -3.2276220549839104e+02
2023-10-19T14:45:05.000 7.201762406808059680e+00 4.712165949648017715e+00  3000722.050450510345 +4.0008854633183500e+02
2023-10-19T14:45:15.000 6.100959049294690573e+00 4.452145989351377509e+00  3000671.563387986273 +3.0295580331365022e+02
2023-10-19T14:45:25.000 7.085241374038828255e+00 4.783818770835209122e+00  3000586.494090521242 +1.9403391177267054e+02
2023-10-19T14:45:35.000 6.432354029419113495e+00 4.200509139908393585e+00  3000275.997471298091 -1.0098687568768355e+02
2023-10-19T14:45:45.000 7.424735711626912149e+00 4.438852322108882476e+00  3000067.053132828791 -2.4618928989107053e+02
2023-10-19T14:45:55.000 8.154191444371868158e+00 5.620670336009990109e+00  3000436.182354071178 +2.2969261140671074e+02
2023-10-19T14:46:05.000 5.217094339904026157e+00 3.934878480938891254e+00  2999694.665326001588 -3.8810465153322821e+02
2023-10-19T14:46:15.000 6.858715786193275044e+00 4.526085760997439422e+00  2999426.586027191021 -5.6892443548152949e+02
2023-10-19T14:46:25.000 8.615441059715601924e+00 5.127506013733935220e+00  3000435.047075769398 +4.0292954710141521e+02
2023-10-19T14:46:35.000 7.493134310167021361e+00 4.677743375221668387e+00  3000359.641312175430 +3.9069480190272543e+01
2023-10-19T14:46:45.000 6.697652567280425906e+00 4.570497497364393702e+00  3000894.885309110861 -1.4113837647399350e+02
2023-10-19T14:48:15.000 1.952345350520221473e+03 8.084082528520477808e+02  4125912.115512042306 -1.9092280794836824e-03
2023-10-19T14:48:25.000 2.524968455184548475e+03 8.892798876495604645e+02  4125905.312641276978 -5.0672814089693929e-03
2023-10-19T14:48:35.000 3.236001569546305745e+03 1.033183008720833413e+03  4125898.482389423065 +7.2175104369875953e-03
2023-10-19T14:48:45.000 1.993369502175013849e+03 8.682052032996029993e+02  4125891.622162300628 -9.7954895537668563e-03
2023-10-19T14:48:55.000 2.237082264882475556e+03 8.593191381813337557e+02  4125884.798872834537 +3.5446921992843272e-04
2023-10-19T14:49:05.000 2.103821895047281942e+03 7.973215945735420291e+02  4125877.959507140797 -7.7205829054776132e-03
2023-10-19T14:49:15.000 2.064318895611108019e+03 8.790524294115878092e+02  4125871.130656957626 +4.6589006990984672e-03
2023-10-19T14:49:25.000 2.376847844790683666e+03 9.569546534375303963e+02  4125864.280072466005 +8.1766073732012501e-03
2023-10-19T14:49:35.000 2.185222078776106173e+03 9.326077973617702810e+02  4125857.414267218672 -1.0490897740226046e-02
2023-10-19T14:49:45.000 1.713297948953481182e+03 6.370509562822879843e+02  4125850.645555812400 +4.7473021284361039e-03
2023-10-19T14:51:15.000 6.663167760651015570e+00 4.188480724095891006e+00  3000777.960365192965 +6.6871417695969399e+02
2023-10-19T14:51:25.000 6.538130270275374301e+00 4.248171544897941132e+00  2999479.282064010855 -9.4347785271213365e+02
2023-10-19T14:51:35.000 6.039406949794503987e+00 4.182150347440192206e+00  3000509.637747528031 +1.2410855235178133e+02
2023-10-19T14:51:45.000 7.898199260226217433e+00 5.450512990659903245e+00  3000599.607623724733 +4.1204553782483367e+02
2023-10-19T14:51:55.000 7.196589174122444810e+00 4.612022420601454620e+00  2999430.515083421022 -5.3111368407915074e+02
2023-10-19T14:52:05.000 7.754767928970340840e+00 5.283503274990215992e+00  3000386.708289402537 +5.9564323164409325e+02
2023-10-19T14:52:15.000 6.937123671637762001e+00 4.378321239486739458e+00  2999553.222155319527 -1.6435378117818857e+02
2023-10-19T14:52:25.000 5.648009262841999778e+00 3.985112006152441655e+00  2999086.892649713904 -6.6214641874190738e+02
2023-10-19T14:52:35.000 7.122185652374753317e+00 4.761924482597055253e+00  2999692.744076622650 -1.7456424953652481e+02
2023-10-19T14:52:45.000 6.061546299238759872e+00 3.924309699395309270e+00  2999976.581100723241 -5.9436212068813802e+01
2023-10-19T14:52:55.000 6.192608828166468626e+00 4.196723668562708731e+00  3000878.166856777389 +6.6978397170890844e+02
2023-10-19T14:53:05.000 8.606818783719278443e+00 5.424064528682047026e+00  3000756.468521189876 +4.2145984508514948e+02
2023-10-19T14:53:15.000 7.420759620019294900e+00 4.649147540588306704e+00  2999348.074675430544 -1.0236139428589906e+03
2023-10-19T14:53:25.000 6.153765173153589174e+00 3.982029206606060079e+00  3000516.504733769689 +2.2929426761186050e+02
2023-10-19T14:53:35.000 6.111794799150440660e+00 4.199700025455210373e+00  3000464.222897459287 +3.9306357820055291e+02
2023-10-19T14:53:45.000 5.831196774685965423e+00 3.977707309167374916e+00  2999588.916830871254 -1.5280431416045326e+02
2023-10-19T14:55:15.000 2.504723466677927718e+03 9.517414073120762623e+02  4125621.427849718370 +7.2928625810106951e-03
2023-10-19T14:55:25.000 2.454745104348795849e+03 9.688141884817543996e+02  4125614.379282182548 -3.8310683845850235e-03
2023-10-19T14:55:35.000 2.424692513495383537e+03 9.450628939660101651e+02  4125607.333822700195 -7.6803727630476715e-03
2023-10-19T14:55:45.000 2.337197575619713461e+03 9.718124018848011474e+02  4125600.312690563500 +3.7814959071909016e-03
2023-10-19T14:55:55.000 2.654549842260526930e+03 1.017134079204318937e+03  4125593.289482251275 +6.5804046168977948e-03
2023-10-19T14:56:05.000 2.127791601847281981e+03 9.312040347712684252e+02  4125586.246078415308 -7.0088205515617119e-03
2023-10-19T14:56:15.000 2.500942321924284897e+03 1.043031683807284026e+03  4125579.215012798086 +6.2591757950940519e-03
2023-10-19T14:56:25.000 1.970998742091182294e+03 8.730119113378648308e+02  4125572.122474727686 -2.4044573140969305e-02
2023-10-19T14:56:35.000 2.466570147808275124e+03 9.502710968071855859e+02  4125565.090486502275 +1.2506682801728175e-02
2023-10-19T14:56:45.000 2.478034061274663600e+03 9.081851015535775105e+02  4125558.034101860598 -3.2534676480509006e-03
2023-10-19T14:58:15.000 6.417332152885935059e+00 4.132050444442696424e+00  2999483.795719385613 -6.9297356742200918e+01
2023-10-19T14:58:25.000 1.278146317774510443e+01 7.378539239655050430e+00  2999536.299908916466 -1.7572213390265608e+02
2023-10-19T14:58:35.000 6.952177414320794391e+00 4.563382153427068211e+00  3000801.236919328570 +1.0916442796271297e+03
2023-10-19T14:58:45.000 6.316793983485046837e+00 4.067190779312029214e+00  2999232.994913592003 -4.0038509569502423e+02
2023-10-19T14:58:55.000 6.030832285898718226e+00 3.929661830130758204e+00  2999665.255538926926 +1.1681988730217199e+02
2023-10-19T14:59:05.000 7.563735666269543856e+00 4.506389183142493593e+00  2999039.255858582444 -4.5970974326413614e+02
2023-10-19T14:59:15.000 7.712291227687850359e+00 4.334004144212802778e+00  2999089.449089231901 -4.2055951848133088e+02
2023-10-19T14:59:25.000 5.920616660274570009e+00 4.006754338830930351e+00  3000581.736451292876 +9.9262214413298557e+02
2023-10-19T14:59:35.000 6.610409905593441771e+00 4.482423670084922485e+00  3000728.820300329477 +1.0007988944842318e+03
2023-10-19T14:59:45.000 6.404340044249111408e+00 4.480795849111551377e+00  2999334.332178261131 -5.7000367643067784e+02
2023-10-19T14:59:55.000 6.508846650283843793e+00 4.218723526513292299e+00  2999463.644235579763 -6.1956479185926776e+02
2023-10-19T15:00:05.000 6.759269293849633264e+00 4.101346932728595185e+00  2999680.127132735681 -5.3888876544823199e+02
2023-10-19T15:00:15.000 1.043817494649701949e+01 5.564741442047894004e+00  3000614.616268843412 +3.5758304991509294e+02
2023-10-19T15:00:25.000 6.068937201415837812e+00 4.130520470993243265e+00  3000561.276313206181 +4.2615861607853662e+02
2023-10-19T15:00:35.000 6.363784819195943854e+00 4.169969446834708826e+00  2999066.243525653612 -7.1914064757954236e+02
2023-10-19T15:00:45.000 6.156597129825492232e+00 4.200582034769067441e+00  2999357.125170024578 +2.2124137178398524e+02
2023-10-19T15:02:15.000 2.464091702324059952e+03 8.855091375807488703e+02  4125322.318151542917 +3.0529577624065496e-03
2023-10-19T15:02:25.000 2.166892556953112035e+03 8.841092130050334390e+02  4125315.084562746808 -3.4399358568464322e-03
2023-10-19T15:02:35.000 2.241873735801393195e+03 8.703277224935151253e+02  4125307.850883272476 -6.3041559764656085e-03
2023-10-19T15:02:45.000 2.843345902750976165e+03 9.887888162506180834e+02  4125300.633112691343 +9.0318272139882083e-03
2023-10-19T15:02:55.000 2.593213244607853085e+03 1.073215090264937089e+03  4125293.381763204467 -6.2040985981468566e-03
2023-10-19T15:03:05.000 3.109850302852390087e+03 1.152517899079324934e+03  4125286.145659882575 -1.4746231875051308e-03
2023-10-19T15:03:15.000 2.664470111987247037e+03 1.022371044627944229e+03  4125278.903354113922 +3.3332608615239678e-03
2023-10-19T15:03:25.000 2.013155097025585519e+03 8.274077921681893031e+02  4125271.644965880550 -1.3966389249731037e-03
2023-10-19T15:03:35.000 2.540140699419147040e+03 9.045733871944289604e+02  4125264.388055741321 -2.8490369464861942e-04
2023-10-19T15:03:45.000 2.369370023084356944e+03 8.482756549079555271e+02  4125257.131855086423 +1.2657704473895137e-04
2023-10-19T15:05:15.000 5.270517733498241597e+00 4.246128828278123102e+00  2999650.350779077969 -3.0002018090683714e+02
2023-10-19T15:05:25.000 9.352096000482488236e+00 5.316429833082821688e+00  3000578.899126899429 +3.4050002057999154e+02
2023-10-19T15:05:35.000 6.905169967405185183e+00 4.119718690226303437e+00  2999469.866804228630 -7.2968438721494385e+02
2023-10-19T15:05:45.000 8.257458637024383208e+00 4.425539407037136108e+00  3000530.171183818951 +5.0842565055031025e+02
2023-10-19T15:05:55.000 8.026781969876344291e+00 5.162274406561020434e+00  2999237.382767736912 -5.9664786985711885e+02
2023-10-19T15:06:05.000 5.286599063919847907e+00 3.942250739075364940e+00  3000522.942746448796 +8.0826356444770659e+02
2023-10-19T15:06:15.000 7.400256329731881522e+00 4.675622621214790442e+00  2999473.604017312173 -2.2567798244669143e+02
2023-10-19T15:06:25.000 6.264027112182214196e+00 4.368755150289563183e+00  2999288.516346212476 -5.0032571751173265e+02
2023-10-19T15:06:35.000 7.362002047515079362e+00 4.111497618660173714e+00  3000723.416903991718 +7.6554843375261612e+02
2023-10-19T15:06:45.000 7.954836195242068086e+00 5.024585650316140573e+00  3000501.071971787140 +3.3860154875377725e+02
2023-10-19T15:06:55.000 5.474121457743619246e+00 4.092146872255306711e+00  2999393.924182462506 -9.5452703466196203e+02
2023-10-19T15:07:05.000 6.433641733125550211e+00 4.585763115229373632e+00  3000243.661085507832 -2.1574113721209960e+02
2023-10-19T15:07:15.000 7.421204395233687912e+00 4.543749805440430833e+00  2999310.619045682717 -1.1341778234313697e+03
2023-10-19T15:07:25.000 1.253776854174488520e+01 6.592600400149233764e+00  3000994.177707924508 +7.2609307933201399e+02
2023-10-19T15:07:35.000 8.522055261105084156e+00 4.500223036651391340e+00  2999107.389144208282 -8.0739585612059352e+02
2023-10-19T15:07:45.000 6.229074185243441697e+00 4.269814198292159801e+00  2999630.074565824587 +2.2949307153558243e+02
2023-10-19T15:09:15.000 2.720577527619799184e+03 1.053720353528748774e+03  4125015.055795780849 -2.9849533793822047e-03
2023-10-19T15:09:25.000 2.313872410046705681e+03 9.221945031997109936e+02  4125007.647958918009 +7.4926449985639465e-03
2023-10-19T15:09:35.000 2.813812719886880586e+03 1.042288540909909216e+03  4125000.215423606802 -4.7716472093810580e-03
2023-10-19T15:09:45.000 2.323976118371290340e+03 9.467568019948267874e+02  4124992.808562386781 +9.0668786030363435e-03
2023-10-19T15:09:55.000 2.678482392395526404e+03 1.016971645575379398e+03  4124985.364785768557 -1.3029894328013825e-02
2023-10-19T15:10:05.000 2.561578727125958721e+03 1.035446121285909157e+03  4124977.966705658007 +1.3545512108279922e-02
2023-10-19T15:10:15.000 2.597602258604569670e+03 9.721133638381652418e+02  4124970.521730711218 -9.9347402084504211e-04
2023-10-19T15:10:25.000 2.459827051421046690e+03 9.040580506184127216e+02  4124963.075387345161 -8.1414719000889590e-03
2023-10-19T15:10:35.000 2.580735148144111918e+03 1.006488308006148259e+03  4124955.638192824554 +5.1369393813160968e-03
2023-10-19T15:10:45.000 2.557784546449311165e+03 9.350395888193223755e+02  4124948.168760172557 -1.1228738070485633e-03
2023-10-19T15:12:15.000 8.710004408385229269e+00 5.019557804184770156e+00  3000216.683775131591 -8.2665167352881781e+01
2023-10-19T15:12:25.000 5.413618427326668758e+00 3.794081823697412759e+00  2999906.485484752804 +7.1769262669978389e+00
2023-10-19T15:12:35.000 6.252070886434833774e+00 4.323071302322227361e+00  2999804.497603277210 +3.0144479705023662e+02
2023-10-19T15:12:45.000 7.378379736585356063e+00 4.819637006848814131e+00  2999073.581907157786 -1.5293480052233446e+02
2023-10-19T15:12:55.000 8.449339269808669783e+00 4.257412485950637482e+00  2999037.967928431928 -7.7355802129767142e+01
2023-10-19T15:13:05.000 8.420267899354834995e+00 5.055957389942147273e+00  2999224.095764921047 +6.3004597165106901e+01
2023-10-19T15:13:15.000 6.493148065166818306e+00 4.275913916990981889e+00  2999242.547606424429 -7.5187910310311850e+01
2023-10-19T15:13:25.000 5.549773953935560833e+00 4.108632358744352508e+00  3000049.709147982765 +5.3193128900229954e+02
2023-10-19T15:13:35.000 5.836070315959010379e+00 4.175864698169605482e+00  2999666.103867587633 -2.2545371819842444e+01
2023-10-19T15:13:45.000 8.036098520880756269e+00 4.962730138564835691e+00  2999344.054347603116 -4.2494169818221809e+02
2023-10-19T15:13:55.000 8.355961882659462603e+00 5.076024288563854014e+00  2999969.928183470853 +2.4494279531086431e+02
2023-10-19T15:14:05.000 6.553118691000519469e+00 4.241853238134787318e+00  2999318.911502902396 -2.4769897537149996e+02
2023-10-19T15:14:15.000 7.128219551979822377e+00 4.472201695690330325e+00  2999577.245446360204 +2.1324943736866521e+02
2023-10-19T15:14:25.000 5.696825859433340966e+00 4.079138123104239178e+00  2999761.155053379480 +4.9745151966098820e+02
2023-10-19T15:14:35.000 7.428630754319444307e+00 4.286470508498690712e+00  2999028.332486290950 -4.7670435953300557e+02
2023-10-19T15:14:45.000 7.182149360158970985e+00 4.691361705019675199e+00  3000611.196583343204 +1.7484922528001812e+02
2023-10-19T15:18:15.000 2.161718063422024898e+03 8.831053654752518014e+02  4124608.547705825418 +2.6898598704860888e-04
2023-10-19T15:18:25.000 2.809800106436985516e+03 9.266012819234796325e+02  4124600.900469627697 -5.8047484854171216e-03
2023-10-19T15:18:35.000 2.611187244125775123e+03 9.227937065440780771e+02  4124593.268339235801 +8.5568387777783528e-03
2023-10-19T15:18:45.000 2.727639526555522025e+03 1.039996782932332508e+03  4124585.612264425959 +6.8991931368742598e-03
2023-10-19T15:18:55.000 2.655492503132079946e+03 1.099362614187615009e+03  4124577.925690202508 -1.7316580822111405e-02
2023-10-19T15:19:05.000 2.601582086093979342e+03 1.024782969620209542e+03  4124570.277080867440 +2.5736389327448705e-03
2023-10-19T15:19:15.000 2.380523235037856011e+03 9.649994323461185104e+02  4124562.614875834901 +1.2156095399703304e-02
2023-10-19T15:19:25.000 2.514695681628723833e+03 9.150281326295511235e+02  4124554.926784560084 -4.0026313272107927e-03
2023-10-19T15:19:35.000 2.741422044114428445e+03 9.652581997973550187e+02  4124547.259277408477 -2.1014642389616256e-03
2023-10-19T15:19:45.000 3.198639142698418254e+03 1.061900049084153352e+03  4124539.596694487613 +7.6728727803754282e-04
2023-10-19T15:21:15.000 5.947909597345271138e+00 4.068653274016530652e+00  3000072.693116341252 -3.6704489579153619e+02
2023-10-19T15:21:25.000 6.851232292284970882e+00 4.338086519786308770e+00  3000826.938082193490 +4.6992901735943315e+02
2023-10-19T15:21:35.000 6.982704138489021162e+00 4.393826593498683764e+00  3000194.501918992493 +1.1066678507313623e+02
2023-10-19T15:21:45.000 1.059307248431020199e+01 6.306602725718735591e+00  2999409.478785557672 -3.7054806647208494e+02
2023-10-19T15:21:55.000 8.023669711801730386e+00 5.168524777421286132e+00  3000027.051426537801 +4.8458320384188562e+02
2023-10-19T15:22:05.000 7.367915908153541693e+00 4.277581625895219730e+00  2999568.843204500154 +1.5222398575586078e+02
2023-10-19T15:22:15.000 9.244624887736858199e+00 6.045062130096024333e+00  2999071.800574839115 -3.3621780586753539e+02
2023-10-19T15:22:25.000 6.514107682147142420e+00 4.455177022349577243e+00  2999604.071971395519 +1.1028655617282061e+02
2023-10-19T15:22:35.000 4.980782570508120344e+00 3.684295588828899071e+00  2999937.286152869463 +3.0316235941895297e+02
2023-10-19T15:22:45.000 6.999061679818738391e+00 4.332800712602878690e+00  3000364.798506651539 +5.8097515717723468e+02
2023-10-19T15:22:55.000 6.958165212508603759e+00 4.466674064602154104e+00  2999378.771569293458 -5.2499130941459703e+02
2023-10-19T15:23:05.000 7.246670650466756847e+00 4.651376306641249236e+00  2999836.744755245745 -1.3566798106082092e+02
2023-10-19T15:23:15.000 7.458576353132014169e+00 4.478620978043966971e+00  2999996.607731159776 -7.2970440989786312e-01
2023-10-19T15:23:25.000 8.478612024159911442e+00 4.757043047173444172e+00  3000092.103879267816 +6.5405632916907507e+01
2023-10-19T15:23:35.000 6.000254791356182338e+00 4.092874678977638681e+00  3000327.635954209603 +1.6688016074455982e+02
2023-10-19T15:23:45.000 5.332799913833732752e+00 3.828373252040887742e+00  3000419.461740538478 -1.4391091455368291e+02
2023-10-19T15:25:15.000 2.776174994892850918e+03 1.047787469825384960e+03  4124283.839526897296 +3.5339211576967955e-04
2023-10-19T15:25:25.000 3.170327026683954955e+03 1.132995461669747328e+03  4124276.018568789586 -1.7860789190820014e-03
2023-10-19T15:25:35.000 2.653006859638015612e+03 1.016833307759709101e+03  4124268.193477747962 +4.7613429089210513e-04
2023-10-19T15:25:45.000 2.947694139213844664e+03 1.147383920755819190e+03  4124260.368744747248 +4.3046497593621780e-03
2023-10-19T15:25:55.000 2.773446982482163548e+03 1.066239185600488554e+03  4124252.534566034563 -4.3757565123314635e-04
2023-10-19T15:26:05.000 2.645030170154813732e+03 1.021025735789819691e+03  4124244.693299860694 -8.1429344893138023e-03
2023-10-19T15:26:15.000 2.889665640249788794e+03 1.077511426924532770e+03  4124236.859879068099 -4.5700721278763012e-04
2023-10-19T15:26:25.000 2.824117989044369551e+03 1.056146336091735066e+03  4124229.023274991196 +1.1774910619180901e-02
2023-10-19T15:26:35.000 3.258473971343159974e+03 1.139985529664408205e+03  4124221.154322081711 -7.0779840315680076e-03
2023-10-19T15:26:45.000 2.827667416186708579e+03 1.122126220439505232e+03  4124213.328860892914 +2.3005516836747120e-03
2023-10-19T15:28:15.000 6.844596032225991777e+00 4.437310477642800954e+00  3000863.365889270790 +5.5750343338667767e+02
2023-10-19T15:28:25.000 5.257634969370878153e+00 3.802627779067852209e+00  2999744.620303248987 -1.8615901598626681e+02
2023-10-19T15:28:35.000 5.932291782675479297e+00 4.318236687551157971e+00  2999695.153677301481 -5.0962418546489516e+00
2023-10-19T15:28:45.000 6.624000975749098075e+00 4.354194066185209877e+00  2999229.154826576822 -3.9630409042391170e+02
2023-10-19T15:28:55.000 6.270269251699933655e+00 4.329982991352902211e+00  2999502.636174006853 -1.8575855935089322e+02
2023-10-19T15:29:05.000 7.334135928481326339e+00 4.493582106107501417e+00  3000035.328468480613 +1.8531364219213958e+02
2023-10-19T15:29:15.000 8.303349548520738921e+00 5.480401342603708592e+00  3000276.620015033521 +2.1820904546289853e+02
2023-10-19T15:29:25.000 6.436537725970992163e+00 4.044261718741176459e+00  2999931.710414441768 -3.2526411648753731e+02
2023-10-19T15:29:35.000 7.097523819090324260e+00 4.295148019806582340e+00  3000461.023769537918 +6.8462019253389371e+01
2023-10-19T15:29:45.000 8.422836403614073930e+00 5.017621045660224155e+00  3000725.702506917529 +3.0204348893242582e+02
2023-10-19T15:29:55.000 5.856800366160094917e+00 4.121898050768101562e+00  2999660.035762123764 -6.6851239092545893e+02
2023-10-19T15:30:05.000 6.127662412571612371e+00 3.936971275731589337e+00  3000543.548406990245 +4.3007672558757986e+02
2023-10-19T15:30:15.000 7.658656608419912359e+00 4.775567311018265926e+00  2999470.507004083134 -3.5029111003720448e+02
2023-10-19T15:30:25.000 6.995180097876099623e+00 4.304000722631535325e+00  2999049.775415128097 -4.8741181053449731e+02
2023-10-19T15:30:35.000 6.233170245722427616e+00 4.273284120599869951e+00  3000713.446868114173 +1.3116915359991274e+03
2023-10-19T15:30:45.000 6.482389897646864796e+00 4.109889969236260043e+00  2999143.019795617554 -4.7122077381163149e+02
2023-10-19T15:32:15.000 3.094918086440140996e+03 1.161266092423262080e+03  4123951.973419063725 -1.0412439820171926e-02
2023-10-19T15:32:25.000 3.015169173290045819e+03 1.129683003078249158e+03  4123944.012053052895 +1.7006692202969020e-02
2023-10-19T15:32:35.000 2.975959042921843320e+03 1.098218866143850846e+03  4123935.993474127725 -9.6749816042773773e-03
2023-10-19T15:32:45.000 3.001076124986119794e+03 1.127666119425967054e+03  4123928.008035358042 +3.3959713747861997e-03
2023-10-19T15:32:55.000 2.162840011408131886e+03 9.094825008976335994e+02  4123919.982297715265 -1.8972447161857531e-02
2023-10-19T15:33:05.000 2.886814566965227641e+03 1.155901000387477552e+03  4123912.003181082197 +6.0308467803764643e-03
2023-10-19T15:33:15.000 2.741410722219783111e+03 1.262135273615908545e+03  4123904.011863928288 +1.6017190964774386e-02
2023-10-19T15:33:25.000 3.105080759239125655e+03 1.180218665457584166e+03  4123895.979279297404 -1.8208338354526177e-02
2023-10-19T15:33:35.000 3.517973848573501527e+03 1.221426317105911721e+03  4123888.002891438082 +7.0272015484249550e-03
2023-10-19T15:33:45.000 2.616262257442547252e+03 1.138244944369242603e+03  4123879.973291356582 -2.2423293603566208e-03
2023-10-19T15:35:15.000 7.049802214139751833e+00 4.249423421238044618e+00  2999885.435119199567 -3.2204617450049091e+02
2023-10-19T15:35:25.000 6.533295646243796106e+00 4.419609115876698802e+00  3000661.292956259567 +4.9343157871279845e+02
2023-10-19T15:35:35.000 5.930634274638603820e+00 4.137630376330310611e+00  2999936.162534644827 -2.5484527142316438e+01
2023-10-19T15:35:45.000 7.770034651783987556e+00 4.803660571492879505e+00  2999704.661142931320 -1.2162118238121252e+01
2023-10-19T15:35:55.000 7.709416089846920173e+00 4.758544415795272542e+00  2999199.273746722843 -3.1975549280475650e+02
2023-10-19T15:36:05.000 5.901632698756193562e+00 4.093017454579670478e+00  2999367.929547167849 -4.9249343834546607e+01
2023-10-19T15:36:15.000 5.240215245539440403e+00 4.186777801008343403e+00  3000168.527759918943 +7.3944673866366998e+02
2023-10-19T15:36:25.000 5.915603760769696073e+00 3.962310734330082518e+00  2999843.490186247043 +2.9643055755428566e+02
2023-10-19T15:36:35.000 7.631820016848919863e+00 4.710279178562750246e+00  2999249.811487090308 -4.9376269859117673e+02
2023-10-19T15:36:45.000 5.943222110299985594e+00 3.937252101281935701e+00  3000184.046604578383 +2.0720668480743461e+02
2023-10-19T15:36:55.000 6.591558769674265683e+00 4.685136465018668872e+00  3000660.639173069503 +4.6419107816090445e+02
2023-10-19T15:37:05.000 6.272601297324382763e+00 4.618345736784370104e+00  2999738.324087264482 -6.1066220539720450e+02
2023-10-19T15:37:15.000 6.105911291799194451e+00 4.134601583814319525e+00  3000842.151576247066 +4.5849288281050440e+02
2023-10-19T15:37:25.000 6.395842392885845662e+00 4.813416614057282494e+00  2999703.054787952919 -5.5485156974029167e+02
2023-10-19T15:37:35.000 7.367796071011095904e+00 4.616435916973604670e+00  3000325.208564085420 +3.8218105691473829e+02
2023-10-19T15:37:45.000 6.741599511949541323e+00 4.484476355295418770e+00  2999286.999106045812 -1.4279870005594211e+02
2023-10-19T15:39:15.000 2.830972602890214603e+03 1.064747813174443991e+03  4123613.292522132862 +4.3957290520850734e-03
2023-10-19T15:39:25.000 3.306613783056169268e+03 1.246029823257369799e+03  4123605.139416979626 -6.4593459778805595e-03
2023-10-19T15:39:35.000 3.239091588604313984e+03 1.152156531132863620e+03  4123597.003597311210 +4.6914230909820276e-03
2023-10-19T15:39:45.000 2.721880953849774414e+03 1.076914937075743637e+03  4123588.854220855515 +4.6002706445307240e-03
2023-10-19T15:39:55.000 3.144391362895027669e+03 1.206264705775771517e+03  4123580.690397780854 -7.5420934637335790e-03
2023-10-19T15:40:05.000 2.997224203634923470e+03 1.216065121647773822e+03  4123572.544073126279 +1.8496473610483122e-03
2023-10-19T15:40:15.000 3.377835197116207382e+03 1.279439852289882538e+03  4123564.385026478674 +4.8288000391067953e-03
2023-10-19T15:40:25.000 3.460992027675508780e+03 1.166390791520665289e+03  4123556.204812263139 -5.0693452846957143e-03
2023-10-19T15:40:35.000 2.850537377254494913e+03 1.046112423313340287e+03  4123548.033813916147 +3.3003636547448423e-03
2023-10-19T15:40:45.000 2.438253818773546755e+03 8.839308255008987771e+02  4123539.842702532187 -7.7470811669400064e-04
2023-10-19T15:42:15.000 7.509038518878516477e+00 4.295611733790620335e+00  3000357.288938158657 +2.3903941487253428e+02
2023-10-19T15:42:25.000 7.328320375429579592e+00 4.886096330335365501e+00  3000093.107186095323 +1.9720502156240570e+02
2023-10-19T15:42:35.000 7.175700865061669376e+00 4.476156621185600315e+00  2999791.111246943008 +9.3646354934787610e+01
2023-10-19T15:42:45.000 7.472237308362230657e+00 5.117370807222193285e+00  2999516.043944270350 -9.0421532761002538e+01
2023-10-19T15:42:55.000 1.029838525970731311e+01 5.824138410720855141e+00  2999302.452312016394 -3.4308452497379875e+02
2023-10-19T15:43:05.000 6.512127531355504928e+00 4.345856793235667759e+00  2999368.563332968391 -4.2347193704330044e+02
2023-10-19T15:43:15.000 6.746338603246061716e+00 4.571335925424053315e+00  3000575.101332338527 +5.8144264270921053e+02
2023-10-19T15:43:25.000 8.047783189916902558e+00 5.577849483937888486e+00  3000685.310309951659 +5.0124545049825156e+02
2023-10-19T15:43:35.000 5.968233004488456395e+00 3.888090662163809164e+00  3000712.080854932778 +4.1359122709107305e+02
2023-10-19T15:43:45.000 5.491649201982125916e+00 4.341418892619096859e+00  2999919.640998647083 -3.6972416391841818e+02
2023-10-19T15:43:55.000 6.044503975746557067e+00 3.918643598122361293e+00  2999054.633234706242 -1.0873049507747594e+03
2023-10-19T15:44:05.000 7.299897877981345928e+00 4.502183159661556466e+00  3000537.778233995661 +6.4789002679719533e+02
2023-10-19T15:44:15.000 7.132249509974920798e+00 4.024446113562866856e+00  2999040.550765636843 -5.9039499611428653e+02
2023-10-19T15:44:25.000 6.627480709411923243e+00 4.502567362263731887e+00  2999086.562971136067 -4.5594767012780005e+02
2023-10-19T15:44:35.000 7.800973033832647729e+00 4.715983561716968531e+00  3000872.350953143090 +9.7508082251893939e+02
2023-10-19T15:44:45.000 7.870614018196609329e+00 4.641196144589105899e+00  3000673.341079593636 -4.0547616255584921e+02
2023-10-19T15:46:15.000 3.177104617156897348e+03 1.191889381124379724e+03  4123268.141570815817 +7.4990709736226790e-03
2023-10-19T15:46:25.000 3.253583849257449401e+03 1.167002725759233954e+03  4123259.822768503334 -9.2027891452559629e-03
2023-10-19T15:46:35.000 3.234979123550243912e+03 1.218629926317329591e+03  4123251.514877791051 -5.4832100251331894e-03
2023-10-19T15:46:45.000 3.014276959782469930e+03 1.132199498876988400e+03  4123243.235412632581 +2.4219851478640919e-02
2023-10-19T15:46:55.000 3.271425032288435432e+03 1.303429801346665272e+03  4123234.897625403479 -9.3787474161075579e-03
2023-10-19T15:47:05.000 3.300866620322214203e+03 1.306186631155564783e+03  4123226.595869749319 -8.6886039253428748e-03
2023-10-19T15:47:15.000 3.343394949679821366e+03 1.125091398732619382e+03  4123218.301854365040 +3.3698910422259587e-03
2023-10-19T15:47:25.000 3.243681684389306156e+03 1.171415761473328530e+03  4123209.994156808592 +9.2392532851306441e-03
2023-10-19T15:47:35.000 3.564055707545384848e+03 1.188261870111677354e+03  4123201.658456052188 -6.6826625844740306e-03
2023-10-19T15:47:45.000 3.302534114652280095e+03 1.213403542000135758e+03  4123193.351081447676 +1.8661845740979288e-03
2023-10-19T15:49:15.000 7.683866575097911600e+00 4.314336657722510182e+00  2999786.165238054469 +4.8783597622654497e+01
2023-10-19T15:49:25.000 8.069725959253686298e+00 5.032584322600047955e+00  2999548.237033013720 -2.9962941789068623e+02
2023-10-19T15:49:35.000 6.539099221745564350e+00 4.507772632643897381e+00  2999858.019244633615 -1.2916478339966216e+02
2023-10-19T15:49:45.000 7.297517270492298813e+00 4.526586387075439255e+00  3000124.803076694719 +4.5375814677528069e+01
2023-10-19T15:49:55.000 6.494198896732155113e+00 4.258327860175096902e+00  3000963.419729204383 +8.7168845766494769e+02
2023-10-19T15:50:05.000 5.470351868869726353e+00 3.874401522341586634e+00  3000668.332822602242 +6.4344426400096302e+02
2023-10-19T15:50:15.000 7.125474830511958402e+00 4.633462985932290223e+00  2999122.943091131747 -7.8102107223181838e+02
2023-10-19T15:50:25.000 7.865333146235340855e+00 4.895933726626152449e+00  2999476.486551471986 -2.9242426750852241e+02
2023-10-19T15:50:35.000 8.186109935918175040e+00 5.519212588246078077e+00  2999835.319823996630 +1.7013571755423311e+02
2023-10-19T15:50:45.000 6.741626551629654074e+00 4.304909425663103306e+00  2999333.088177425321 -3.0126943198168107e+02
2023-10-19T15:50:55.000 6.087297913548344042e+00 4.169389162837293661e+00  3000157.923855133355 +4.5318578608991970e+02
2023-10-19T15:51:05.000 6.062391029234518669e+00 4.090061915632438705e+00  2999696.431058087852 -1.8554948077927997e+02
2023-10-19T15:51:15.000 7.380124314705052591e+00 4.537946653068645197e+00  3000650.819068911951 +5.1111552933581038e+02
2023-10-19T15:51:25.000 7.963105160467367050e+00 5.146686150031797524e+00  3000519.136710402556 +1.0903249651071314e+02
2023-10-19T15:51:35.000 7.237075581032181404e+00 4.463461367435841431e+00  2999695.012790761888 -8.7956069063241534e+02
2023-10-19T15:51:45.000 7.216188294444457973e+00 4.830632531995727064e+00  3000850.080339965876 +3.9576914660380521e+02
2023-10-19T15:53:15.000 6.126705417682952515e+00 4.247291408025499315e+00  2999363.057652032934 -6.2559354489331838e+01
2023-10-19T15:53:25.000 7.008461128849225119e+00 4.696125677592581482e+00  2999532.192557319999 +1.7632717683170932e+02
2023-10-19T15:53:35.000 8.478016805344624984e+00 4.924196196521942070e+00  2999173.630029044580 -2.2620502122368339e+02
2023-10-19T15:53:45.000 7.134148110781367791e+00 4.477755199059943791e+00  2999857.520490938332 +3.0799242392142128e+02
2023-10-19T15:53:55.000 6.986557217676525156e+00 4.785649090543911299e+00  2999616.535331713967 -1.4737474995811249e+02
2023-10-19T15:54:05.000 7.832755217338496223e+00 5.121899951299900167e+00  3000071.482693643309 +8.1058371786072257e+01
2023-10-19T15:54:15.000 5.541258210126758676e+00 3.978201658231896420e+00  2999817.529120553285 -3.6897644823766507e+02
2023-10-19T15:54:25.000 6.567183387987389764e+00 4.322797269773705153e+00  3000636.355594691820 +2.9526146050135958e+02
2023-10-19T15:54:35.000 7.977075397063415174e+00 4.895807442460311520e+00  3000395.655482756440 -1.0049435442631557e+02
2023-10-19T15:54:45.000 6.370518864227028288e+00 4.138603991372371560e+00  3000798.274528478738 +3.0108547270767531e+01
2023-10-19T15:58:15.000 6.080452583623751295e+00 4.116476392396030803e+00  2999784.294606635347 +1.5454926508070798e+01
2023-10-19T15:58:25.000 5.649164352577347614e+00 3.794602684673550552e+00  2999613.317276030313 -1.6651954941649251e+01
2023-10-19T15:58:35.000 6.202080100929864948e+00 4.387241352361794355e+00  2999373.881921225693 -2.4136300356841645e+02
2023-10-19T15:58:45.000 7.415968947010528112e+00 4.516338740375781313e+00  3000367.034834109247 +5.0154299525846614e+02
2023-10-19T15:58:55.000 6.477103114791227689e+00 4.230122564799876805e+00  2999557.825077835936 -7.1071309947464647e+02
2023-10-19T15:59:05.000 7.826518526152558053e+00 5.056373612145820040e+00  3000783.541664515156 +1.8411440411453691e+02
2023-10-19T15:59:15.000 5.595724114307553343e+00 4.286494039053737382e+00  3000660.020607541315 -6.0890600710695253e-01
2023-10-19T15:59:25.000 6.369571231012447043e+00 4.069141552400699524e+00  3000497.205270651728 +7.4950814122704742e+01
2023-10-19T15:59:35.000 5.640005115694689763e+00 4.023167790713817027e+00  3000032.404105994850 -1.2985858661457655e+02
2023-10-19T15:59:45.000 7.426447996106052329e+00 4.608417452993119667e+00  3000629.179660114925 +2.2501762418909493e+01
