# Observation conducted on 2024.03.06 at Ir rev. 2
# Base frequency: 8432.00 MHz BW: 2 kHz dF: 0.2 Hz dT: 10.0 s Nscans: 1
# Format: UTC Time     |    Signal-to-Noise     |      Spectral max      | Freq detection [Hz] |   Doppler noise [Hz]  |
# 
2024-03-05T05:43:05.000 3.674088283629486682e+02 1.943003413570122291e+02  4043968.913053321186 -4.4382412557979478e-03
2024-03-05T05:43:15.000 6.798257447219625647e+02 2.954858384618277682e+02  4043964.431539927144 +4.3058271425024941e-03
2024-03-05T05:43:25.000 5.324965724489953800e+02 2.595033434863323123e+02  4043959.839034584351 -4.8990373716151225e-03
2024-03-05T05:43:35.000 5.004064537558767256e+02 2.546358887428101241e+02  4043955.209013847634 -5.1516768370447608e-03
2024-03-05T05:43:45.000 6.920417269799220321e+02 3.251544936685946254e+02  4043950.571357693989 +1.0262221269385918e-03
2024-03-05T05:43:55.000 6.237475956898717868e+02 3.399612046298346968e+02  4043945.937202593312 +5.5759460685749218e-03
2024-03-05T05:44:05.000 7.396275693048912672e+02 3.575971789441281317e+02  4043941.303624429274 -1.3825661703776859e-03
2024-03-05T05:44:15.000 7.240209137131458874e+02 3.687502318296498629e+02  4043936.684584034607 -1.5724385559678922e-03
2024-03-05T05:44:25.000 7.106277996566948332e+02 3.643740478675195504e+02  4043932.058966849931 -1.4874415928716189e-03
2024-03-05T05:44:35.000 7.143778366734287602e+02 3.342461193714972865e+02  4043927.406739017926 +2.7968499222197352e-03
2024-03-05T05:44:45.000 4.143480668681927455e+02 2.422356765011704169e+02  4043922.681560550351 -2.7310185544138221e-03
2024-03-05T05:50:15.000 5.567160876004920738e+02 2.870412092997158311e+02  4043766.775800195988 +2.5020974523272344e-02
2024-03-05T05:50:25.000 5.419774868733969697e+02 2.522061719885592765e+02  4043761.994841306470 -2.2938021737900272e-02
2024-03-05T05:50:35.000 5.507774990838821623e+02 2.478302862420682686e+02  4043757.171938268933 -8.5911201803128279e-03
2024-03-05T05:50:45.000 6.024892594823159016e+02 3.044218293536883380e+02  4043752.327982962597 +5.0961184330162723e-03
2024-03-05T05:50:55.000 6.671353562217313993e+02 3.364479527551983438e+02  4043747.497632262297 +1.1884379287266711e-02
2024-03-05T05:51:05.000 7.139570156574034172e+02 3.642026328014427463e+02  4043742.675817428157 -1.1069241053291989e-03
2024-03-05T05:51:15.000 6.720465089263374239e+02 3.555705339320048211e+02  4043737.874053715728 -6.9669430957901568e-03
2024-03-05T05:51:25.000 6.540000589174677543e+02 3.109031060086209095e+02  4043733.061501435470 -7.8092404389735748e-03
2024-03-05T05:51:35.000 5.806321045796188400e+02 2.773223556787240796e+02  4043728.225825418718 +1.6210772443173482e-02
2024-03-05T05:51:45.000 4.609803159074967880e+02 2.595620871162441290e+02  4043723.268009992316 -8.1660974008173071e-03
2024-03-05T05:57:15.000 4.495046850214982896e+02 2.278572118497285146e+02  4043560.980020086747 -2.9285148605140421e-04
2024-03-05T05:57:25.000 4.361028731738179545e+02 2.212257047053793428e+02  4043555.990276528522 -4.3133498081715516e-04
2024-03-05T05:57:35.000 4.015730177502074980e+02 1.935629112306764341e+02  4043550.983451738488 -8.2030809039679298e-05
2024-03-05T05:57:45.000 4.737503819341520170e+02 2.457743466903370972e+02  4043545.973758081440 +2.4090934784908313e-03
2024-03-05T05:57:55.000 5.848330889014465583e+02 2.987171151402058058e+02  4043540.958748474251 -1.6819534920387014e-03
2024-03-05T05:58:05.000 5.795526385076469751e+02 3.056749019710450739e+02  4043535.952865007799 +1.1259722754175527e-03
2024-03-05T05:58:15.000 5.962299859313764046e+02 3.407269894662460956e+02  4043530.938661391381 -3.2238711859235991e-03
2024-03-05T05:58:25.000 5.725773419258763397e+02 2.810266372715809666e+02  4043525.929558091797 +5.4635649465808456e-03
2024-03-05T05:58:35.000 5.580592146174532218e+02 2.994178241167705323e+02  4043520.885553760454 -3.6189174028322668e-03
2024-03-05T05:58:45.000 4.926752268866252962e+02 2.737500493032840723e+02  4043515.827518405393 +1.0469442148632879e-03
2024-03-05T06:04:15.000 4.513375462877324935e+02 2.234965008367294956e+02  4043347.260800140444 -2.6969856290861571e-03
2024-03-05T06:04:25.000 3.311084816417929346e+02 1.661714757503778230e+02  4043342.085538378917 +5.4876322382142462e-03
2024-03-05T06:04:35.000 3.711448239208831978e+02 1.962146094530284302e+02  4043336.917989553884 -2.7077290345687288e-03
2024-03-05T06:04:45.000 4.053721789804883429e+02 2.067997435565645503e+02  4043331.760064349975 +3.9709385713422307e-03
2024-03-05T06:04:55.000 4.701199727336934302e+02 2.418037016325752688e+02  4043326.566243789159 -2.9717489877612024e-03
2024-03-05T06:05:05.000 4.357107744317254401e+02 2.495151458857320961e+02  4043321.356456050649 +1.2540609383222545e-03
2024-03-05T06:05:15.000 4.810367945182211429e+02 2.583023371409249762e+02  4043316.116784765851 -4.4104476754682764e-03
2024-03-05T06:05:25.000 4.378626020064249360e+02 2.526883257016107507e+02  4043310.896705309860 +1.0521332931148208e-02
2024-03-05T06:05:35.000 4.776880563250335854e+02 2.571199887587073931e+02  4043305.674689377192 -6.1561834647818614e-03
2024-03-05T06:05:45.000 5.140540340603164395e+02 2.521414905628718373e+02  4043300.548660806846 +1.2728479655379488e-03
2024-03-05T06:11:15.000 4.494076317288854057e+02 2.288936744290132310e+02  4043125.890925276093 -1.3944966397275493e-02
2024-03-05T06:11:25.000 2.614383568000060336e+02 1.342974340787295660e+02  4043120.496839891654 +3.2379067521674187e-02
2024-03-05T06:11:35.000 2.624441998442696899e+02 1.434078775276386182e+02  4043115.143723578192 +1.4240728190657137e-02
2024-03-05T06:11:45.000 3.910861477688874857e+02 2.073985033504742148e+02  4043109.814643607475 +2.7802287411304860e-03
2024-03-05T06:11:55.000 4.572541313463157735e+02 2.321234609471566728e+02  4043104.452424353454 -1.5885766622091069e-02
2024-03-05T06:12:05.000 4.722159668622938398e+02 2.356872076843709465e+02  4043099.088206144515 -3.2291473189616227e-04
2024-03-05T06:12:15.000 4.935632981606963767e+02 2.582872281741940697e+02  4043093.694881051313 +1.1438967544791012e-02
2024-03-05T06:12:25.000 6.188569159278346206e+02 3.066492805667347739e+02  4043088.273502612952 +9.7997925763593230e-05
2024-03-05T06:12:35.000 4.794603013494599395e+02 2.512878908937455549e+02  4043082.869069583248 -7.3536481357905359e-03
2024-03-05T06:12:45.000 5.049605609084156868e+02 2.662340951431043550e+02  4043077.498804039788 +2.4307431166334936e-03
2024-03-05T06:18:15.000 1.920289658834028046e+02 1.015648039499971418e+02  4042897.093530009966 -1.3209979584758003e-02
2024-03-05T06:18:25.000 1.500069018138211163e+02 8.507804886858950510e+01  4042891.521489371546 +1.0378368586998477e-03
2024-03-05T06:18:35.000 2.018402598468996416e+02 1.022191208252485239e+02  4042885.947360758670 +1.7203497089326447e-02
2024-03-05T06:18:45.000 1.545235953633250006e+02 7.697033832319746693e+01  4042880.366929098032 -7.2725175689356547e-03
2024-03-05T06:18:55.000 2.313232258898750899e+02 1.161782267130006971e+02  4042874.855704647955 +2.5363844865751162e-03
2024-03-05T06:19:05.000 3.644703255438051883e+02 1.803615202911292670e+02  4042869.334710374009 -1.0610587786459291e-02
2024-03-05T06:19:15.000 2.866824762245056490e+02 1.652383860242179026e+02  4042863.831858037505 +9.8136145786611451e-03
2024-03-05T06:19:25.000 1.894547408395542334e+02 9.504280217565134592e+01  4042858.296410141513 +3.3124959383144414e-02
2024-03-05T06:19:35.000 3.176029600801612673e+02 1.591767364922845331e+02  4042852.659701967612 -1.3290496892636838e-02
2024-03-05T06:19:45.000 1.564614169292059103e+02 8.001008163504440063e+01  4042847.109752065968 +1.5193015680779354e-02
2024-03-05T06:25:15.000 1.733229193714417420e+02 8.324397692530531856e+01  4042661.021279183216 -8.5155912545360479e-03
2024-03-05T06:25:25.000 1.038256265297165157e+02 5.738725243255959896e+01  4042655.328372297809 +1.3460995512332374e-02
2024-03-05T06:25:35.000 1.830809004738770795e+02 8.472030947833634684e+01  4042649.601741476450 +4.9895656936769228e-03
2024-03-05T06:25:45.000 1.415914201441575528e+02 8.225948240277762125e+01  4042643.874488327187 +1.1423695233361286e-03
2024-03-05T06:25:55.000 2.789513518022212111e+02 1.514097532016001253e+02  4042638.144104469102 -2.8177766569115192e-03
2024-03-05T06:26:05.000 3.211630540216034433e+02 1.710954371678512871e+02  4042632.418264135718 -2.4809896943907006e-03
2024-03-05T06:26:15.000 3.336075289981185961e+02 1.736607850518160774e+02  4042626.699734829832 +3.7842342986778021e-03
2024-03-05T06:26:25.000 3.206944784255328500e+02 1.615462030297698561e+02  4042620.968993843999 +6.1144164465076756e-04
2024-03-05T06:26:35.000 2.966282035211200423e+02 1.530215342613883536e+02  4042615.222511175554 -2.9169663225729892e-03
2024-03-05T06:26:45.000 1.880077022081038365e+02 9.597222424264749918e+01  4042609.445293147117 +2.4377885328021875e-03
