# Observation conducted on 2024.03.06 at O6 rev. 2
# Base frequency: 8432.00 MHz BW: 2 kHz dF: 0.2 Hz dT: 10.0 s Nscans: 1
# Format: UTC Time     |    Signal-to-Noise     |      Spectral max      | Freq detection [Hz] |   Doppler noise [Hz]  |
# 
2024-03-05T05:43:05.000 5.629948066146723384e+00 4.212712136134737051e+00  5496416.498221271671 +1.1732265698848238e+02
2024-03-05T05:43:15.000 6.067304279808638512e+00 4.166770643239462224e+00  5495912.512225575745 -3.9035942727724802e+02
2024-03-05T05:43:25.000 7.153629123488993713e+00 4.610089437141320801e+00  5496990.081695253029 +2.4348370721972344e+02
2024-03-05T05:43:35.000 7.746412168713015411e+00 4.576061452080377734e+00  5497348.959329051897 +2.8236379874940326e+02
2024-03-05T05:43:45.000 6.193371125661553123e+00 3.910831274271800329e+00  5496294.750044227578 -8.1105303696055057e+02
2024-03-05T05:43:55.000 7.659778600520534830e+00 4.643812050673331804e+00  5497077.179021158256 +1.1216509792187139e+02
2024-03-05T05:44:05.000 5.831964103349887019e+00 4.056519650050375958e+00  5496801.074272937141 -5.2958187052184485e+01
2024-03-05T05:44:15.000 7.386857378899354565e+00 4.661576410889261446e+00  5497559.248869671486 +6.1641801371503311e+02
2024-03-05T05:44:25.000 6.689158049058837818e+00 4.672567650783949311e+00  5496229.807156330906 -9.8289852025209507e+02
2024-03-05T05:44:35.000 7.195140039955076894e+00 4.995459934817029435e+00  5497729.885137425736 +4.2245060919263483e+02
2024-03-05T05:44:45.000 8.050760001933392473e+00 5.177082834106628617e+00  5496323.519727227278 -6.0912970922938996e+01
2024-03-05T05:50:15.000 6.884381428985296481e+00 4.644745838801367377e+00  5497455.678834937513 +1.2890747481712719e+02
2024-03-05T05:50:25.000 1.108147777961209002e+01 6.117270916588788410e+00  5497305.286236203276 -1.5819912520699518e+01
2024-03-05T05:50:35.000 6.898862031728846489e+00 4.241778261125944915e+00  5497210.356656334363 -2.2460930239898289e+01
2024-03-05T05:50:45.000 6.819252525234705153e+00 4.613976868138124132e+00  5496796.234043905511 -3.9834578046900930e+02
2024-03-05T05:50:55.000 7.373194637391995876e+00 4.899299433587004593e+00  5497821.456284218468 +6.2124994992410734e+02
2024-03-05T05:51:05.000 8.011894684556811086e+00 5.014249972783780152e+00  5496875.206156617962 -3.0763678723498958e+02
2024-03-05T05:51:15.000 7.611343793576899053e+00 5.238231539102806700e+00  5497299.795516273938 +2.0663464646440423e+02
2024-03-05T05:51:25.000 7.265023929194183161e+00 5.023491265398977390e+00  5496594.989941745996 -3.8255981030204782e+02
2024-03-05T05:51:35.000 6.041428493906213504e+00 3.975470431163979246e+00  5497495.886009061709 +4.3957532160155040e+02
2024-03-05T05:51:45.000 6.004408131093179612e+00 3.913667783733255856e+00  5497685.454558037221 -1.1639470579701629e+02
2024-03-05T05:57:15.000 6.151142819540199369e+00 4.148447772351740781e+00  5496945.138894814067 -1.9611109549959644e+02
2024-03-05T05:57:25.000 6.132583947272915559e+00 4.251116373295229955e+00  5497526.305025977083 +2.6240742198240275e+02
2024-03-05T05:57:35.000 7.466568518807028987e+00 4.094025490344136209e+00  5497531.173975513317 +4.6959251950767225e+01
2024-03-05T05:57:45.000 6.396154464504409276e+00 4.124324681085234978e+00  5497516.048988363706 -2.4104254149519454e+02
2024-03-05T05:57:55.000 7.138205243957608026e+00 4.643067643262726918e+00  5497857.421427823603 -1.5739325969199990e+02
2024-03-05T05:58:05.000 8.046083841776518142e+00 5.278876327863521567e+00  5498370.203732521273 +1.8174640326367125e+02
2024-03-05T05:58:15.000 7.839949610228559074e+00 4.790224404394313851e+00  5498579.312969719991 +3.5004392951527348e+02
2024-03-05T05:58:25.000 6.184090487915853807e+00 4.116299572689234409e+00  5497040.987872433849 -1.0890779697345977e+03
2024-03-05T05:58:35.000 5.828245518330634312e+00 4.074388484108924402e+00  5498676.877508148551 +7.3025733018723031e+02
2024-03-05T05:58:45.000 6.279652790763870840e+00 4.080706075910792485e+00  5497687.472657537088 -1.3157823816047687e+02
2024-03-05T06:04:15.000 6.638524538921225293e+00 4.151788842232609689e+00  5497953.617303242907 -2.8917411176566043e+02
2024-03-05T06:04:25.000 8.160637576859826936e+00 5.115065612379061655e+00  5498782.250367016532 +1.3369169933035346e+02
2024-03-05T06:04:35.000 6.103842184369900004e+00 4.099915491715262483e+00  5498851.703679909930 +2.3411571570870228e+02
2024-03-05T06:04:45.000 5.665197569904793617e+00 4.518042812299397859e+00  5497862.150973826647 -3.5274471442665890e+02
2024-03-05T06:04:55.000 6.336277523000529044e+00 4.553630735081092951e+00  5497884.695108596236 +1.9492977986690994e+02
2024-03-05T06:05:05.000 9.135340845700666179e+00 5.513970049083759761e+00  5497194.246281430125 -1.4573398205177702e+02
2024-03-05T06:05:15.000 7.267529647575449836e+00 4.288710483162212483e+00  5497277.976653000340 -9.8079890105338080e+01
2024-03-05T06:05:25.000 7.133493756592250712e+00 4.677416089307978808e+00  5498387.960079727694 +6.0248440501285086e+02
2024-03-05T06:05:35.000 7.504114889796541732e+00 4.774640275654174815e+00  5497753.488471734338 -4.4342893399414913e+02
2024-03-05T06:05:45.000 6.402181828920771700e+00 4.289723185467316569e+00  5497899.717342492193 +1.5522483485482678e+02
2024-03-05T06:11:15.000 6.818619105378254552e+00 4.684384039282784684e+00  5498468.832095344551 +3.6784787088157680e+02
2024-03-05T06:11:25.000 6.345044681050516111e+00 4.296771620006878400e+00  5497927.677996791899 -7.2342707672346432e+02
2024-03-05T06:11:35.000 1.156458429610855099e+01 6.082643740023766732e+00  5499142.666501706466 +2.0712349849284692e+02
2024-03-05T06:11:45.000 5.563505442708435389e+00 3.760215878457751071e+00  5498243.955750972964 -7.2387469911427092e+02
2024-03-05T06:11:55.000 7.247231983622095086e+00 4.876538620565804116e+00  5499001.821576728486 +2.1571269177611543e+02
2024-03-05T06:12:05.000 6.756470048573500975e+00 4.390260781364379028e+00  5498732.759263791144 +2.7418931848041939e+02
2024-03-05T06:12:15.000 6.398479488165994766e+00 3.951853963079635434e+00  5497538.909058038145 -5.4998750970943456e+02
2024-03-05T06:12:25.000 6.879612038325162438e+00 4.266088417473066663e+00  5498007.303568853997 +1.8559944851599823e+02
2024-03-05T06:12:35.000 6.212170697029196553e+00 4.108171205121553093e+00  5497896.240164047107 +4.8258629002490693e+01
2024-03-05T06:12:45.000 6.454003454946255047e+00 4.476973019586232283e+00  5498378.127310971729 -3.2405129143784961e+01
2024-03-05T06:18:15.000 5.911964652807738752e+00 4.005767874239488435e+00  5498315.861784280278 +3.7072168112119073e+02
2024-03-05T06:18:25.000 6.245588294993400069e+00 4.001007006434987190e+00  5497526.087499822490 -4.1969801291354258e+02
2024-03-05T06:18:35.000 7.092963620428124116e+00 4.517917529194683368e+00  5498318.502024129033 +1.1595680917606501e+02
2024-03-05T06:18:45.000 7.826122374797012782e+00 5.064243653060596095e+00  5498404.394618459977 +3.4694952381845496e+01
2024-03-05T06:18:55.000 4.927825281315321604e+00 3.847004448083985118e+00  5497984.317646916024 -3.9250601198516949e+02
2024-03-05T06:19:05.000 5.652965129303837877e+00 3.970994097041179671e+00  5499142.910772630945 +8.2202076737946436e+02
2024-03-05T06:19:15.000 6.994907218130268944e+00 4.288043149368673035e+00  5497800.004324631765 -5.5836889387892654e+02
2024-03-05T06:19:25.000 6.545541626198813745e+00 4.153993659722655885e+00  5498772.214194052853 +1.7486099791916422e+02
2024-03-05T06:19:35.000 5.912818897459085399e+00 3.841707167085690600e+00  5499096.132407009602 +1.0651350485120679e+02
2024-03-05T06:19:45.000 7.154073941140612902e+00 4.533718033867756070e+00  5499186.866058905609 -3.5905990824711125e+01
2024-03-05T06:25:15.000 5.936011823684070876e+00 4.298046951144288919e+00  5498963.235982403159 -1.8059179898151342e+01
2024-03-05T06:25:25.000 7.106346151028295921e+00 4.898415903865123155e+00  5498323.079225466587 -3.0032492464308109e+02
2024-03-05T06:25:35.000 7.284577595863208188e+00 4.600809565425063141e+00  5499049.836480556056 +7.9232691052025621e+02
2024-03-05T06:25:45.000 7.147692716942168900e+00 4.295641546397424015e+00  5497462.745522229001 -6.5077342808569949e+02
2024-03-05T06:25:55.000 5.695108235355163195e+00 4.096025734709282773e+00  5497461.877558427863 -7.1935075117944734e+02
2024-03-05T06:26:05.000 8.707812379920135015e+00 4.459010000839671584e+00  5499132.206871530972 +8.0649888041999452e+02
2024-03-05T06:26:15.000 7.435298080600582615e+00 4.535074371812654270e+00  5497617.369175481610 -7.8531932119208204e+02
2024-03-05T06:26:25.000 5.611564699785992261e+00 3.816116230869318837e+00  5498751.201305101626 +3.7725498419677751e+02
2024-03-05T06:26:35.000 6.177456176141206790e+00 4.039675400559326945e+00  5498424.566189734265 +1.8764044449885660e+00
2024-03-05T06:26:45.000 7.325156137967901770e+00 4.507034738987715450e+00  5499061.094607890584 -7.8502644118213993e+00
2024-03-05T06:32:15.000 6.934700866033945310e+00 4.302455006706625618e+00  5498234.290076554753 -1.0429225872546317e+02
2024-03-05T06:32:25.000 5.064340855253154139e+00 3.734562089465120582e+00  5498924.147913118824 +2.8132257404463348e+02
2024-03-05T06:32:35.000 1.004220303545132076e+01 5.815277600580044393e+00  5498795.693410779350 -6.0623681682900497e+00
2024-03-05T06:32:45.000 6.747277947792433395e+00 4.854890642192402517e+00  5498733.256411083974 -5.0815778922814161e+01
2024-03-05T06:32:55.000 5.311919552623955099e+00 3.855481670862440868e+00  5498120.388026658446 -4.8596644713752141e+02
2024-03-05T06:33:05.000 7.067294992561394373e+00 4.780848849102438791e+00  5498880.558535468765 +5.5931679934283488e+02
2024-03-05T06:33:15.000 7.271065090571287470e+00 4.900700558223130443e+00  5497674.885702431202 -3.3072442247739195e+02
2024-03-05T06:33:25.000 6.525490315948396791e+00 4.740653388435934090e+00  5497751.460308006965 +2.7096400272296819e+00
2024-03-05T06:33:35.000 6.567392745180642422e+00 4.550547471742231842e+00  5497732.604893961921 +9.2057783025736626e+01
2024-03-05T06:33:45.000 7.939569421134580196e+00 4.946492901490868732e+00  5497741.179562500678 -1.8474192460306995e+01
2024-03-05T06:39:15.000 6.028464948130491941e+00 4.451997071874453482e+00  5497535.604249424301 -1.5803083604397108e+02
2024-03-05T06:39:25.000 6.995343677574686225e+00 4.209981940045107507e+00  5497648.637998603284 +6.4816022865400299e+01
2024-03-05T06:39:35.000 8.779981963373527876e+00 5.221253168002278677e+00  5497595.605872971937 +1.0981587175338633e+02
2024-03-05T06:39:45.000 7.601181930164535139e+00 4.400369367611526528e+00  5497422.514758685604 -9.4200998474564898e+01
2024-03-05T06:39:55.000 7.046406649901424402e+00 4.489731876851000614e+00  5497487.339097309858 -2.5314441596187379e+02
2024-03-05T06:40:05.000 6.251861238024158496e+00 4.275842967838224595e+00  5498281.114190089516 +1.3437823208068005e+02
2024-03-05T06:40:15.000 6.670067458466914623e+00 4.466468057515998069e+00  5499195.496665249579 +5.6557172238984549e+02
2024-03-05T06:40:25.000 5.781572619296479587e+00 3.916318728465393306e+00  5497971.185671298765 -9.9717655534201208e+02
2024-03-05T06:40:35.000 7.238672459107540647e+00 4.291785865407850231e+00  5499114.716219753027 +3.1144599997442833e+02
2024-03-05T06:40:45.000 6.795109630975460391e+00 4.602584889031451354e+00  5497554.495533386245 -6.3337195218900206e+01
2024-03-05T06:48:15.000 6.750907787679425454e+00 4.351778001589975631e+00  5499089.627376227640 -4.6871380045763772e+01
2024-03-05T06:48:25.000 7.256812276362208713e+00 4.174119876896459580e+00  5499216.605900432914 +3.8378708669114849e+02
2024-03-05T06:48:35.000 6.245959513392270068e+00 4.567926463474154097e+00  5497559.179416536354 -9.1903421830124205e+02
2024-03-05T06:48:45.000 7.827912205043467964e+00 5.211309830415864930e+00  5498564.676623733714 +2.0157205616509896e+02
2024-03-05T06:48:55.000 8.692741224809241274e+00 4.944408009687102812e+00  5498774.441251923330 +2.8846838216549395e+02
2024-03-05T06:49:05.000 7.640852936230762005e+00 4.766422582097064264e+00  5498451.264351563528 -2.3346548347961073e+02
2024-03-05T06:49:15.000 5.611033962176477097e+00 3.884311767354547751e+00  5498448.433694027364 -3.1965322485281195e+02
2024-03-05T06:49:25.000 6.547917083454124487e+00 4.295049898050177006e+00  5498865.332439539954 +2.1840657499953795e+02
2024-03-05T06:49:35.000 5.418666476398212417e+00 4.070409533057095963e+00  5498450.661938476376 -1.5006890644215218e+01
2024-03-05T06:49:45.000 5.988595138126105333e+00 4.081626247340794933e+00  5498711.789490788244 -2.1859018747874870e+01
2024-03-05T06:55:15.000 6.087170980399728926e+00 4.139931299738367265e+00  5497950.265938332304 +4.0491175419286020e+02
2024-03-05T06:55:25.000 7.658445380215239240e+00 4.495885151655863332e+00  5497589.707650403492 -4.6885108890566499e+02
2024-03-05T06:55:35.000 6.132437055060368181e+00 4.114640104478967331e+00  5498952.446758410893 +3.1234654935023377e+02
2024-03-05T06:55:45.000 9.023793332646018683e+00 5.559849358051143220e+00  5499235.309145703912 +4.1311116347973575e+02
2024-03-05T06:55:55.000 7.578738322785424586e+00 4.680409899399459839e+00  5497556.621734756045 -1.0558218632521107e+03
2024-03-05T06:56:05.000 7.881549416303552213e+00 4.931790756772172379e+00  5498885.679596704431 +6.0043361526963440e+02
2024-03-05T06:56:15.000 6.097494617075702728e+00 4.308161200575296057e+00  5498296.660541981459 +1.2338386320290920e+02
2024-03-05T06:56:25.000 6.977088471681111237e+00 4.230188420606257438e+00  5498034.080062964931 -4.2483503004231000e+02
2024-03-05T06:56:35.000 9.212190171515437953e+00 5.141661309248668488e+00  5499105.039204135537 +1.3934548491850182e+02
2024-03-05T06:56:45.000 5.554952505768203430e+00 3.887128523771927302e+00  5498873.694669585675 -7.6048710489709947e+01
2024-03-05T07:02:15.000 6.719504201959604295e+00 4.587900243618759255e+00  5498803.395749300718 +6.5594650391290315e+02
2024-03-05T07:02:25.000 9.040408927930860372e+00 5.038674646906463828e+00  5497467.875344346277 -4.1744854752740656e+02
2024-03-05T07:02:35.000 6.025869226460272898e+00 4.317380490012002525e+00  5498359.932240397669 +3.7102539965409039e+02
2024-03-05T07:02:45.000 5.991617634074503762e+00 4.049713805074645734e+00  5497635.960736058652 -5.8430228883661039e+02
2024-03-05T07:02:55.000 6.375486119435107568e+00 4.105867758863498196e+00  5499257.232994018123 +8.2822685691156664e+02
2024-03-05T07:03:05.000 5.832476345813772056e+00 4.296733358849214035e+00  5498764.381456775591 +2.3059905857052490e+02
2024-03-05T07:03:15.000 6.806686623459514252e+00 4.500490572441325554e+00  5497656.828954773955 -8.4692537046267512e+02
2024-03-05T07:03:25.000 7.216937289235210606e+00 4.587219669943170430e+00  5498610.223223427311 +2.7013872379266104e+02
2024-03-05T07:03:35.000 6.711886377080763744e+00 4.465729375871064555e+00  5498227.225491906516 +1.6980615652221138e+02
2024-03-05T07:03:45.000 6.655734334528275120e+00 4.259402850947217267e+00  5497575.032985805534 -9.0339861388495663e+01
2024-03-05T07:09:15.000 6.838081988210594098e+00 4.228238006215399025e+00  5498181.602737327106 -5.3966487843067227e+02
2024-03-05T07:09:25.000 6.593412489049972791e+00 4.417506089173525829e+00  5499119.063298468478 +1.6658670328676590e+02
2024-03-05T07:09:35.000 7.318031166257156883e+00 4.870542451704895193e+00  5499425.607864490710 +5.4101435718971265e+02
2024-03-05T07:09:45.000 7.925382283873781297e+00 4.804680545935738678e+00  5498691.322738912888 -5.6446319776890505e+01
2024-03-05T07:09:55.000 6.210972596944298374e+00 3.690780084640630676e+00  5498114.781002612785 -5.3229940071204112e+02
2024-03-05T07:10:05.000 6.811657421841071702e+00 4.000972502785502094e+00  5498065.489124923013 -5.4047231388357091e+02
2024-03-05T07:10:15.000 7.600718876093600862e+00 4.791874774757788558e+00  5499051.239635998383 +4.4160653341079751e+02
2024-03-05T07:10:25.000 6.816296583817340604e+00 4.148391055007155437e+00  5499412.677740262821 +7.6414407206958185e+02
2024-03-05T07:10:35.000 8.119339844376023407e+00 5.006755595559265970e+00  5498086.364032163285 -6.7538500929070813e+02
2024-03-05T07:10:45.000 7.251876463220877866e+00 4.230883604616503035e+00  5499326.209869838320 +2.4576681311081074e+02
2024-03-05T07:16:15.000 7.115980718703286634e+00 5.142862593051564346e+00  5499264.413965540938 -5.7638544215695447e+01
2024-03-05T07:16:25.000 5.802821829776816820e+00 4.087533025941393561e+00  5499217.667524415068 -2.0129912345115213e+02
2024-03-05T07:16:35.000 6.425503080041568893e+00 4.420233445977859610e+00  5499249.164461296052 +3.2710274053123499e+02
2024-03-05T07:16:45.000 5.843386344473368688e+00 4.061575515457604979e+00  5498387.092305487022 +2.7613589857345460e+01
2024-03-05T07:16:55.000 5.013944213759844004e+00 3.890795549533446529e+00  5497877.231738636270 -1.3455354049589329e+02
2024-03-05T07:17:05.000 5.970669146882880973e+00 3.985434659651807543e+00  5497611.540606250055 -3.4284745729393762e+02
2024-03-05T07:17:15.000 5.401493717007187279e+00 3.895610253962369818e+00  5497969.363660923205 -1.3058141192692671e+02
2024-03-05T07:17:25.000 5.900821787338521140e+00 4.122942103260800017e+00  5499197.119952226058 +9.5634194337035751e+02
2024-03-05T07:17:35.000 9.961788736364423968e+00 5.922008869820128751e+00  5497815.397426689975 -2.7588719060335484e+02
2024-03-05T07:17:45.000 6.055057622922173977e+00 4.548877459629379061e+00  5497518.852306224406 +1.8850127229251052e+02
