# Observation conducted on 2024.03.06 at Wb rev. 2
# Base frequency: 8432.00 MHz BW: 2 kHz dF: 0.2 Hz dT: 10.0 s Nscans: 1
# Format: UTC Time     |    Signal-to-Noise     |      Spectral max      | Freq detection [Hz] |   Doppler noise [Hz]  |
# 
2024-03-05T05:43:05.000 1.812760957843435790e+03 7.682249902796319247e+02  4045796.338235707954 -7.5186054345977027e-05
2024-03-05T05:43:15.000 2.035562955177469803e+03 7.726531447667608745e+02  4045791.168425287586 +5.4079892720437783e-05
2024-03-05T05:43:25.000 1.661026354112846320e+03 8.091635815704137258e+02  4045785.992007866036 +9.2542445122489880e-04
2024-03-05T05:43:35.000 1.917175769230731021e+03 7.843894129813210156e+02  4045780.806426330935 -1.7630168232471988e-03
2024-03-05T05:43:45.000 1.652634856665907819e+03 7.761717039632760589e+02  4045775.622725953814 +1.4082705284863550e-03
2024-03-05T05:43:55.000 1.805744151740402685e+03 8.081155543132706498e+02  4045770.432862379588 +1.2436408483154082e-03
2024-03-05T05:44:05.000 1.741485765203093251e+03 8.206801194615989061e+02  4045765.237358358689 -2.0555067397936000e-03
2024-03-05T05:44:15.000 1.882444523402320783e+03 8.152570019365966800e+02  4045760.044436892495 +5.9788999851662084e-04
2024-03-05T05:44:25.000 1.796776688329478247e+03 8.071865863000300578e+02  4045754.842630991247 +1.4178862431890593e-04
2024-03-05T05:44:35.000 1.961052557193450639e+03 8.656741774358544035e+02  4045749.630987912882 -7.5248788675708056e-05
2024-03-05T05:50:15.000 1.766043474826482907e+03 8.092380466426574230e+02  4045569.117397253867 -1.1861325223208041e-03
2024-03-05T05:50:25.000 1.883989438634382395e+03 8.353140778567135385e+02  4045563.708991855849 +1.2592229460324234e-03
2024-03-05T05:50:35.000 2.052630902820549181e+03 8.361571723562337866e+02  4045558.293355539907 -4.6638535263809899e-04
2024-03-05T05:50:45.000 1.744829422438922620e+03 8.085987161766981899e+02  4045552.876814167481 +5.2991585300787847e-04
2024-03-05T05:50:55.000 1.893713147002194773e+03 7.920376923972921759e+02  4045547.454145270400 -1.8315762747533881e-04
2024-03-05T05:51:05.000 1.761891128612941202e+03 7.961956798206986150e+02  4045542.025306236930 -1.8063043319216376e-03
2024-03-05T05:51:15.000 1.952095655332458591e+03 8.367141526562246554e+02  4045536.595973926596 +2.0565383451867092e-03
2024-03-05T05:51:25.000 1.723680462201913542e+03 8.200306920370957187e+02  4045531.153479524422 -8.4039208570629853e-04
2024-03-05T05:51:35.000 1.803760762598412839e+03 7.899227907162231759e+02  4045525.708049281035 -3.1738859229335503e-04
2024-03-05T05:51:45.000 1.732691719773784826e+03 8.278336179314633227e+02  4045520.256931822281 +1.8460018361565744e-04
2024-03-05T05:57:15.000 1.578976232910776616e+03 7.487125337231422009e+02  4045337.315908873454 +8.6528467829793954e-04
2024-03-05T05:57:25.000 1.948384174292999433e+03 7.951682940199373206e+02  4045331.668805648573 -3.3993069712323631e-04
2024-03-05T05:57:35.000 1.457038325256214648e+03 7.825516757119100930e+02  4045326.019992516376 -4.5986492318661476e-04
2024-03-05T05:57:45.000 1.841703329378778562e+03 7.930373168324127846e+02  4045320.367378778756 -4.0072526439871581e-04
2024-03-05T05:57:55.000 1.834843385438969790e+03 8.666368209888003094e+02  4045314.711859972682 +1.2881687954404697e-03
2024-03-05T05:58:05.000 1.694846177354615293e+03 7.495373165036662613e+02  4045309.048189476598 -8.9992258654092439e-04
2024-03-05T05:58:15.000 1.809529417033840446e+03 8.571309299251677203e+02  4045303.385456221644 +8.6263288631016621e-04
2024-03-05T05:58:25.000 1.747617496885210358e+03 8.456810822448757108e+02  4045297.717673642095 -1.8591250376402968e-03
2024-03-05T05:58:35.000 1.838125844058295343e+03 8.141970233004102511e+02  4045292.059027893003 +1.2995527022212627e-03
2024-03-05T05:58:45.000 1.356252516018442066e+03 6.822613687776192819e+02  4045286.403949358035 -6.1128584457037505e-04
2024-03-05T06:04:15.000 1.719736021621734835e+03 7.876537344460693930e+02  4045095.843120303005 -6.9740734979859553e-03
2024-03-05T06:04:25.000 1.520189734219767615e+03 7.198342943640848262e+02  4045089.967554013710 +7.8293918186318479e-03
2024-03-05T06:04:35.000 1.861835374440567421e+03 7.856434154090881066e+02  4045084.106742898468 +3.2659839164352888e-03
2024-03-05T06:04:45.000 1.980876786556621482e+03 8.574943276643504078e+02  4045078.247813277878 -3.8269001460093932e-03
2024-03-05T06:04:55.000 1.841698187088172062e+03 8.369014960962277883e+02  4045072.384314747527 -3.4449201936013196e-03
2024-03-05T06:05:05.000 1.880311150829086955e+03 8.361322583916914937e+02  4045066.509225420188 +3.3038567116818740e-03
2024-03-05T06:05:15.000 1.724984068785780892e+03 8.056458773654953802e+02  4045060.609117359854 +1.0797847090771029e-03
2024-03-05T06:05:25.000 1.671492368609140613e+03 7.832442996908334862e+02  4045054.701719575096 +5.9004397576245537e-04
2024-03-05T06:05:35.000 1.883545598593599834e+03 8.240017801647226179e+02  4045048.792628646828 -1.9853348213700883e-03
2024-03-05T06:05:45.000 1.561002386765932442e+03 7.470035448011628887e+02  4045042.898674950469 +1.0881581250714589e-03
2024-03-05T06:11:15.000 1.710211924454717064e+03 7.819120031021926707e+02  4044845.079345073085 -1.5333141376459025e-03
2024-03-05T06:11:25.000 1.676544646629394947e+03 8.791831092793511289e+02  4044838.995750492439 +1.5562465189304930e-03
2024-03-05T06:11:35.000 1.880072141926335007e+03 8.827460728037243598e+02  4044832.903625744395 +1.1263604933446913e-03
2024-03-05T06:11:45.000 1.968669419685082858e+03 9.083979302997296372e+02  4044826.805944158230 -2.5057822638245852e-03
2024-03-05T06:11:55.000 1.984381102568432652e+03 8.942778332505425851e+02  4044820.712756967172 +1.1587070897576268e-03
2024-03-05T06:12:05.000 2.070985652293597013e+03 9.264370648245303528e+02  4044814.610013581812 +1.2831857907258382e-04
2024-03-05T06:12:15.000 1.721161803023115226e+03 8.190983988297385849e+02  4044808.501345649362 +2.1282120928844961e-04
2024-03-05T06:12:25.000 1.621085342197229465e+03 7.994852627319138492e+02  4044802.383930430282 -6.0573387020212976e-04
2024-03-05T06:12:35.000 1.909449636803168687e+03 8.556710892919779781e+02  4044796.262304987758 +1.4880048672694102e-04
2024-03-05T06:18:15.000 1.950123432478595987e+03 8.281733349219510956e+02  4044585.278402148746 +4.0344954561533086e-04
2024-03-05T06:18:25.000 1.803873832587478319e+03 8.671412297261227877e+02  4044578.986077658366 +6.4140080758079421e-04
2024-03-05T06:18:35.000 1.751879900815519022e+03 8.469937316179619984e+02  4044572.690627978183 -2.3239643455781334e-03
2024-03-05T06:18:45.000 1.839519670792001079e+03 8.077509171688055858e+02  4044566.394731280860 +9.7747628194611025e-04
2024-03-05T06:18:55.000 1.822917547885495878e+03 8.157163344088803569e+02  4044560.085679537151 +9.1198260452074464e-04
2024-03-05T06:19:05.000 1.746602526167945371e+03 8.257257111479607374e+02  4044553.765417803079 -5.8989131650832860e-04
2024-03-05T06:19:15.000 2.134932405966385886e+03 8.367520258326720750e+02  4044547.440367817413 +4.1916014697562787e-04
2024-03-05T06:19:25.000 1.836456723824794153e+03 7.529854200554816543e+02  4044541.109115848783 -1.7800843270379119e-03
2024-03-05T06:19:35.000 1.813461539254826675e+03 8.390322090622970563e+02  4044534.785932107829 +1.5748992024100517e-03
2024-03-05T06:19:45.000 1.766082540386057190e+03 8.036278015678027487e+02  4044528.465970477555 -4.4302120909378573e-04
2024-03-05T06:25:15.000 2.351338671929550856e+03 8.454699017064457394e+02  4044316.673798569012 +2.5935622488759691e-05
2024-03-05T06:25:25.000 1.701140661155909356e+03 7.976157336594279741e+02  4044310.174011413474 -1.2840174172197294e-03
2024-03-05T06:25:35.000 1.821079891340531276e+03 7.485042292733245404e+02  4044303.669783072546 +1.7080096171184778e-03
2024-03-05T06:25:45.000 2.199559750854124559e+03 8.745134958302577388e+02  4044297.154546339996 +4.5985959957306477e-04
2024-03-05T06:25:55.000 1.966723677304028342e+03 9.183921490537313730e+02  4044290.632686478551 -2.8422896250503982e-03
2024-03-05T06:26:05.000 2.206369844005309460e+03 8.604631141932541141e+02  4044284.115903132129 +1.6688969529923270e-03
2024-03-05T06:26:15.000 1.913588276894751061e+03 8.328133842025281410e+02  4044277.590535131283 -5.4237787992406084e-04
2024-03-05T06:26:25.000 1.958213573342059590e+03 8.201889560910688033e+02  4044271.065759967547 +3.7533825832269940e-04
2024-03-05T06:26:35.000 1.877647386186378071e+03 8.561404300366141342e+02  4044264.533849444240 -4.9269156863829267e-04
2024-03-05T06:26:45.000 1.778270456329322315e+03 8.279579929935694054e+02  4044257.992584764026 +1.7859782906270993e-04
2024-03-05T06:32:15.000 1.587909365527778164e+03 7.930844034919241494e+02  4044039.555042626336 +1.2608357238832468e-03
2024-03-05T06:32:25.000 1.807766500767292428e+03 8.473396616094424871e+02  4044032.847420438658 -1.2719132110987630e-03
2024-03-05T06:32:35.000 1.809810383642876104e+03 8.096316008492010496e+02  4044026.138818183914 -3.0031109042738535e-04
2024-03-05T06:32:45.000 1.771801354699933427e+03 7.579547746175271641e+02  4044019.427787869703 +1.3766397487415816e-03
2024-03-05T06:32:55.000 1.702985581311417491e+03 7.691109652558101288e+02  4044012.712584220804 +9.9099105545974453e-04
2024-03-05T06:33:05.000 1.896402323383251542e+03 8.091255034171575744e+02  4044005.993061970454 -2.1542466587334275e-03
2024-03-05T06:33:15.000 1.918724994664745964e+03 8.173635876976317149e+02  4043999.277153172065 -6.5181322952412302e-05
2024-03-05T06:33:25.000 1.933236766415279362e+03 8.349576526846876732e+02  4043992.558831217699 +2.0495872990977659e-03
2024-03-05T06:33:35.000 1.884217612019506760e+03 7.880698230929561987e+02  4043985.830669257790 -1.5199952755438062e-03
2024-03-05T06:33:45.000 1.697474173730594202e+03 7.421890035104987646e+02  4043979.101096046157 +4.1301243231828266e-04
2024-03-05T06:39:15.000 1.950505327772369810e+03 8.171611131265096901e+02  4043754.137463588268 -4.6926336858632567e-04
2024-03-05T06:39:25.000 1.857088582070719212e+03 8.790388745850704026e+02  4043747.240509183612 +5.4017625120650337e-04
2024-03-05T06:39:35.000 1.894413505426313804e+03 8.373271487532786068e+02  4043740.346041215118 -5.0315748603679822e-04
2024-03-05T06:39:45.000 1.957493856767152693e+03 8.464321988327533290e+02  4043733.451194956433 +1.0617471748446405e-03
2024-03-05T06:39:55.000 2.069049889085313680e+03 8.639314876892169650e+02  4043726.545781748369 -6.5195696504360967e-04
2024-03-05T06:40:05.000 1.997989666063530876e+03 8.074032205019049115e+02  4043719.633005012292 -8.6048123228010809e-04
2024-03-05T06:40:15.000 1.761319251870341077e+03 8.719085463071113509e+02  4043712.714329011738 +1.2618401308372995e-03
2024-03-05T06:40:25.000 1.796921400987178231e+03 8.147000404540098089e+02  4043705.786802708637 +4.0888714249831537e-04
2024-03-05T06:40:35.000 1.670806785744936633e+03 7.741307719873582300e+02  4043698.856434557587 -9.7997114664849505e-04
2024-03-05T06:40:45.000 2.095507971314007136e+03 9.050405765401003464e+02  4043691.930600794964 +1.9089498186986020e-04
2024-03-05T06:48:15.000 2.123636564289553007e+03 8.688671870889302227e+02  4043375.375269084238 -3.2152741675872676e-04
2024-03-05T06:48:25.000 1.941167376758960472e+03 8.778288923945930264e+02  4043368.242202910129 +6.7345727256906684e-04
2024-03-05T06:48:35.000 1.959837218790188672e+03 8.735297008006712076e+02  4043361.109282366466 -8.8625193689040316e-04
2024-03-05T06:48:45.000 1.884565528503869018e+03 8.816562190989683359e+02  4043353.974983866792 +1.1880395878733907e-03
2024-03-05T06:48:55.000 1.985944621084383016e+03 8.732813937422954496e+02  4043346.828397963662 -6.0148224588374433e-04
2024-03-05T06:49:05.000 1.771340279517954286e+03 8.568445219492577962e+02  4043339.675458240788 -4.7701379583031667e-04
2024-03-05T06:49:15.000 1.902926766510652669e+03 8.727723677868485765e+02  4043332.518067521043 +4.7430397728476237e-04
2024-03-05T06:49:25.000 2.007594012172184875e+03 8.297029141558880383e+02  4043325.359307577368 +2.4333274768650881e-04
2024-03-05T06:49:35.000 2.181896009167506691e+03 8.856891571888539829e+02  4043318.206484152004 -3.2281191454330838e-04
2024-03-05T06:49:45.000 1.694989072967411403e+03 8.420119115116370949e+02  4043311.068072306458 +1.5781994954977563e-04
2024-03-05T06:55:15.000 1.977669057392140758e+03 8.448510263087900967e+02  4043072.442886634264 -5.9302407521499845e-05
2024-03-05T06:55:25.000 1.700838693541161547e+03 8.070825497278458442e+02  4043065.138716944493 -1.3756470708585766e-03
2024-03-05T06:55:35.000 2.068721361241381146e+03 8.187785754689125497e+02  4043057.829012070782 +2.2708826919597414e-03
2024-03-05T06:55:45.000 1.677734254000277588e+03 8.441998437548154470e+02  4043050.504001826979 -2.3072826277257263e-03
2024-03-05T06:55:55.000 1.662369109327401020e+03 7.755157707964652900e+02  4043043.180894689634 -9.1283597237179492e-04
2024-03-05T06:56:05.000 2.020096067796765965e+03 8.357743666461985867e+02  4043035.856286603026 +7.6175203162165417e-04
2024-03-05T06:56:15.000 1.688714587709846910e+03 7.741314291572315369e+02  4043028.529503625352 +7.9342500464463228e-04
2024-03-05T06:56:25.000 1.813584271816095452e+03 8.409738071829266346e+02  4043021.200319231953 -9.3761317543794576e-04
2024-03-05T06:56:35.000 2.007651466145775430e+03 8.338481823682558343e+02  4043013.871602011379 +2.1634266886394471e-04
2024-03-05T06:56:45.000 1.837118215037991376e+03 8.133067370320557075e+02  4043006.535328105558 -5.1638642162288306e-07
2024-03-05T07:02:15.000 8.657389742200024330e+00 5.422819983596310678e+00  4041511.319059746340 -1.5273360804553363e+02
2024-03-05T07:02:25.000 7.686286776367051488e+00 5.062550307261100890e+00  4042159.157915866934 +5.1987246115778999e+02
2024-03-05T07:02:35.000 6.793510547359745466e+00 4.533918056207407510e+00  4041026.493475812487 -8.1959248401404921e+02
2024-03-05T07:02:45.000 8.402919315898943253e+00 4.846672757113600127e+00  4042263.736428815871 +2.1345598425854382e+02
2024-03-05T07:02:55.000 6.759214351252924580e+00 3.940944122627928703e+00  4042291.342142124660 +1.7024912251117235e+02
2024-03-05T07:03:05.000 6.137803195274288193e+00 4.143612632540590646e+00  4042083.861915051471 +6.8155681086052027e+01
2024-03-05T07:03:15.000 8.247398760345323154e+00 4.668407064473247381e+00  4041421.645203823224 -3.4217645998945250e+02
2024-03-05T07:03:25.000 6.345591084018770367e+00 4.191231618826554595e+00  4042005.647966934368 +5.5342746539052428e+02
2024-03-05T07:03:35.000 6.362662434632210484e+00 4.170284891612243250e+00  4040990.747285640799 -2.1857685906185884e+02
2024-03-05T07:03:45.000 5.487028038831167187e+00 4.015058422884133726e+00  4041233.591098689474 +4.3836313733241923e+01
2024-03-05T07:09:15.000 7.529494339694443816e+00 4.561475563902378738e+00  4041266.059796876274 -2.3988190769831135e+01
2024-03-05T07:09:25.000 9.326237062384659993e+00 5.255474453699385151e+00  4041422.649769290816 -2.5954988414960781e+01
2024-03-05T07:09:35.000 7.379345625758610083e+00 4.216203024073206684e+00  4041629.036584585439 +2.3550813531442600e+02
2024-03-05T07:09:45.000 7.321974184503142524e+00 5.363615139934132081e+00  4041009.315159601625 -2.9937773192409986e+02
2024-03-05T07:09:55.000 6.647043726483922832e+00 4.574340388762276000e+00  4041286.291725368705 +2.6837045729735792e+01
2024-03-05T07:10:05.000 7.385927796082609298e+00 4.528376441627298910e+00  4041460.242136771325 +2.2667257488572432e+02
2024-03-05T07:10:15.000 6.040287296850614496e+00 4.057716935592420526e+00  4040980.263880436309 -2.0184494632041242e+02
2024-03-05T07:10:25.000 6.222287008751028026e+00 4.202372477892541092e+00  4040997.886851170100 -6.2488838909514811e+01
2024-03-05T07:10:35.000 8.696279680578889781e+00 5.192831430816083227e+00  4040914.650953793433 +4.5829271658375546e+01
2024-03-05T07:10:45.000 5.824972312351775372e+00 4.157664048163065118e+00  4040668.006472912151 -2.5956561857359247e+01
2024-03-05T07:16:15.000 7.661469472026867678e+00 5.270361176335558007e+00  4040279.696351318154 +2.1679426113776884e+02
2024-03-05T07:16:25.000 6.256377085698128226e+00 4.199465645691340399e+00  4039883.169376492966 -2.6114198160284627e+02
2024-03-05T07:16:35.000 5.628337002147046242e+00 4.019592808779208326e+00  4040612.189884088468 +2.5380472915180087e+02
2024-03-05T07:16:45.000 6.697162184539026342e+00 4.403754438633687762e+00  4040030.932925205678 -5.3187178016889686e+02
2024-03-05T07:16:55.000 7.171511329260030543e+00 4.539425818735196572e+00  4040794.538469051942 +9.6151819821627555e+01
2024-03-05T07:17:05.000 7.461205254597956582e+00 4.532095707890050562e+00  4041637.490862084087 +8.7159484371476242e+02
2024-03-05T07:17:15.000 6.247137132310310648e+00 4.118499339639394741e+00  4039808.514441367704 -9.9434477222617193e+02
2024-03-05T07:17:25.000 7.706279278455086867e+00 5.004871045598076051e+00  4040565.712693101261 -2.9466428844367431e+02
2024-03-05T07:17:35.000 8.429689509653286450e+00 4.948216667366884813e+00  4041385.670447535813 +4.0573305594640760e+02
2024-03-05T07:17:45.000 6.769674003339894774e+00 4.200506517796725348e+00  4040985.453222324140 -1.8477559039891139e+02
2024-03-05T07:19:15.000 6.953842741601382826e+00 4.651400001996083056e+00  5668782.740239091218 +4.7506912794748530e+02
2024-03-05T07:19:25.000 6.144130568441686258e+00 4.453506440029780578e+00  5665977.517889461480 -5.2561831475341558e+02
2024-03-05T07:19:35.000 6.312397861262160959e+00 4.373735684532618961e+00  5664519.165171592496 +2.7994022920887926e+02
2024-03-05T07:19:45.000 7.175027284104351644e+00 4.562395892144077258e+00  5660722.953562355600 -6.6181989760771989e+02
2024-03-05T07:19:55.000 7.444499562175327156e+00 4.768994128519312703e+00  5658086.086507290602 +4.5380630391957493e+02
2024-03-05T07:20:05.000 6.480789187767355131e+00 4.244484644777603677e+00  5652817.954574252479 +2.2855850151297204e+02
2024-03-05T07:20:15.000 5.359446314988029592e+00 3.768087000513652196e+00  5646322.003082336858 +4.5158851881233022e+02
2024-03-05T07:20:25.000 7.890699886837641230e+00 4.351444995245983272e+00  5637220.787145290524 +3.3025237189558993e+01
2024-03-05T07:20:35.000 8.031684898947091256e+00 5.167098100322158771e+00  5625576.130361648276 -8.6735685572868522e+02
2024-03-05T07:20:45.000 6.809708678452421005e+00 4.120491232616694255e+00  5613961.554414282553 +1.4080179189003843e+02
2024-03-05T07:20:55.000 6.886673682050576950e+00 4.310088031638208861e+00  5600763.716187554412 +8.8839277162375811e+02
2024-03-05T07:21:05.000 7.675888754141438675e+00 5.088880929137333808e+00  5585688.786202526651 +6.1728008407735160e+01
2024-03-05T07:21:15.000 7.594513561356169618e+00 5.001485781667581954e+00  5572258.459845082834 -3.9293915295106956e+02
2024-03-05T07:21:25.000 6.559616954618288531e+00 4.630111420397325261e+00  5563053.047914571129 -1.1781354073715920e+02
2024-03-05T07:21:35.000 1.066434768340797667e+01 5.837187072684415057e+00  5560246.444287234917 +9.9919365500342110e+01
2024-03-05T07:21:45.000 7.929030342419672195e+00 5.463355463384157673e+00  5567325.023000038229 -4.4499622836177195e+01
2024-03-05T07:23:15.000 8.175005381022316442e+00 5.213398646621819843e+00  5659146.341794478707 -3.7921238837914507e+02
2024-03-05T07:23:25.000 6.399069493998297276e+00 4.084741485130730432e+00  5666168.116073522717 +8.0427198287678266e+02
2024-03-05T07:23:35.000 5.912243895795831428e+00 4.323419884376999534e+00  5652487.837191898376 -1.7253895068154941e+02
2024-03-05T07:23:45.000 5.897780226485954458e+00 4.308699583534511213e+00  5634965.120964805596 -2.9485860824540651e+02
2024-03-05T07:23:55.000 7.983816688503850401e+00 4.982441346024145901e+00  5618820.809200010262 -1.7195448682943794e+02
2024-03-05T07:24:05.000 7.136791780552676379e+00 4.660251204709748407e+00  5605194.524157486856 +3.4423207774389630e+02
2024-03-05T07:24:15.000 6.372137140603589600e+00 4.340794823306628025e+00  5592236.605975738727 +7.4849116536025804e+01
2024-03-05T07:24:25.000 5.379006431048282799e+00 3.758647782625281319e+00  5581409.112672949210 -3.6104019198365359e+02
2024-03-05T07:24:35.000 6.875859975092418530e+00 4.518962935720649554e+00  5579280.120756206103 +7.1668866655416721e+01
