# Observation conducted on 2024.03.06 at Nt rev. 2
# Base frequency: 8432.00 MHz BW: 2 kHz dF: 0.2 Hz dT: 10.0 s Nscans: 1
# Format: UTC Time     |    Signal-to-Noise     |      Spectral max      | Freq detection [Hz] |   Doppler noise [Hz]  |
# 
2024-03-05T05:43:05.000 2.472773727141693962e+04 3.085827231251154444e+03  5496832.307317862287 -8.2053474432086659e-04
2024-03-05T05:43:15.000 1.286841113353833316e+04 1.967473354848489635e+03  5496851.806867009029 -3.9511397710612073e-04
2024-03-05T05:43:25.000 1.048992251673102692e+04 1.660999842887180193e+03  5496870.990450480022 +3.4028514246074337e-02
2024-03-05T05:43:35.000 1.188756832175288582e+04 1.852315867457090235e+03  5496890.000484036282 -1.6015961267044077e-02
2024-03-05T05:43:45.000 8.080230876520190577e+03 1.157912856600001987e+03  5496908.950604333542 -3.6850728646868447e-02
2024-03-05T05:43:55.000 1.227872117668594547e+04 1.886601683855358715e+03  5496927.627140778117 -8.6524224602271715e-02
2024-03-05T05:44:05.000 8.494620950380711292e+03 1.284821190415288584e+03  5496946.433085286058 +4.4381640260576205e-01
2024-03-05T05:44:15.000 6.877510311222509699e+03 1.239278629410154281e+03  5496963.361149029806 -3.0236018450636948e-01
2024-03-05T05:44:25.000 1.396351169347021278e+04 2.145189824712157588e+03  5496980.668689317070 -7.7384853603689407e-02
2024-03-05T05:44:35.000 9.281560590149490963e+03 1.361376188219717505e+03  5496997.699744861573 +1.8730504009147353e-01
2024-03-05T05:44:45.000 8.135067238812496726e+03 1.286842944380387962e+03  5497014.545236998238 -6.3975347854466236e-02
2024-03-05T05:50:15.000 6.115918369994874411e+03 1.010933806465348539e+03  5497438.832563802600 +8.2975731487067605e-02
2024-03-05T05:50:25.000 6.591226991267572885e+03 1.171474118162059085e+03  5497448.973872398026 -1.2013976137734517e-01
2024-03-05T05:50:35.000 6.460524310410460203e+03 9.641150115284289086e+02  5497459.352739804424 +7.7785368023683077e-02
2024-03-05T05:50:45.000 1.083834782043403538e+04 1.725850574565230318e+03  5497469.319593893364 +4.1503702064119352e-02
2024-03-05T05:50:55.000 7.508638830852076353e+03 1.205371527807200209e+03  5497478.881342941895 -2.4712920382728498e-01
2024-03-05T05:51:05.000 8.791953507483771318e+03 1.494435434491387696e+03  5497488.991816077381 +1.1763239935612546e-01
2024-03-05T05:51:15.000 1.094965999270119755e+04 1.794122530392531417e+03  5497498.655017424375 +8.5025372636437169e-02
2024-03-05T05:51:25.000 6.947628620503595812e+03 1.163117468803334759e+03  5497507.843363735825 -4.1763789618505598e-01
2024-03-05T05:51:35.000 7.636617618245249105e+03 1.266763894514057938e+03  5497518.173901429400 +2.0759431592398414e-01
2024-03-05T05:51:45.000 6.654413793792188699e+03 1.035085520269624567e+03  5497527.604290141724 -5.8356601769446570e-02
2024-03-05T05:57:15.000 8.518167077279200385e+03 1.437257835688212026e+03  5497787.448506966233 -1.0813796368188378e-01
2024-03-05T05:57:25.000 1.415719983841793874e+04 2.643632976495820003e+03  5497793.745255477726 +2.8736409484963588e-02
2024-03-05T05:57:35.000 8.365023452617555449e+03 1.575617365993990234e+03  5497800.102519975044 +2.6527391384979637e-01
2024-03-05T05:57:45.000 9.514763898280953072e+03 1.809811096505441128e+03  5497805.810547798872 -4.2253395706757146e-01
2024-03-05T05:57:55.000 8.314976318231594632e+03 1.617330819079475077e+03  5497813.093706926331 +2.6588243060302830e-01
2024-03-05T05:58:05.000 7.965496878450895565e+03 1.455621969181585882e+03  5497819.540012846701 +1.8085977085274862e-01
2024-03-05T05:58:15.000 7.232557598869296271e+03 1.457656614138014447e+03  5497825.393536220305 -1.8942848032531856e-01
2024-03-05T05:58:25.000 6.633188171889354635e+03 1.217345328975671237e+03  5497831.368315138854 -1.0939780009243805e-01
2024-03-05T05:58:35.000 6.455820480909039361e+03 9.670444192520681099e+02  5497837.600275678560 +1.5152999523047583e-01
2024-03-05T05:58:45.000 6.194007329629256674e+03 1.167634489004179159e+03  5497844.490718200803 -4.1924907564975911e-02
2024-03-05T06:04:15.000 7.516640682668210502e+03 1.312981411857010926e+03  5498003.643252143636 -4.5610573062617732e-02
2024-03-05T06:04:25.000 5.476478285496045828e+03 1.109297866818614239e+03  5498007.438141494989 +2.8150470388072790e-01
2024-03-05T06:04:35.000 5.444028741983545842e+03 9.740741518914087465e+02  5498010.493672551587 -6.0007501707218580e-02
2024-03-05T06:04:45.000 7.070045540821773102e+03 1.277393367437116694e+03  5498014.049592747353 -2.6160147887890162e-01
2024-03-05T06:04:55.000 5.395901883620387707e+03 9.772123110222343030e+02  5498018.295875553973 -1.9208822436564787e-01
2024-03-05T06:05:05.000 1.341119305094623996e+04 2.327029828051689037e+03  5498023.153974871151 +2.3522063649238589e-01
2024-03-05T06:05:15.000 1.157975432802680552e+04 2.253013267175561396e+03  5498027.115531410091 -2.4717907356227897e-01
2024-03-05T06:05:25.000 1.195981441027982692e+04 2.058332984092430706e+03  5498031.624858143739 -2.6896943877204649e-02
2024-03-05T06:05:35.000 1.293155108753315108e+04 2.293704665093037875e+03  5498035.919604672119 +8.0618071943945324e-02
2024-03-05T06:05:45.000 1.325634087097244992e+04 2.236120463289736108e+03  5498040.323696548119 -2.3381321668580313e-02
2024-03-05T06:11:15.000 9.078124817277393959e+03 1.452532916517466901e+03  5498145.495647587813 +1.4104756512551830e-01
2024-03-05T06:11:25.000 8.378318977133983935e+03 1.241036241868830075e+03  5498148.789590517059 -1.9108583336583251e-01
2024-03-05T06:11:35.000 2.085771136521103472e+04 3.708508725173427592e+03  5498152.366211386397 -9.9921602090944361e-03
2024-03-05T06:11:45.000 2.193717079615751572e+04 3.181505434875266928e+03  5498155.673168606125 +3.5848241913413403e-02
2024-03-05T06:11:55.000 7.783511370012010957e+03 1.497737226476109981e+03  5498158.714342221618 -7.7451492029581459e-02
2024-03-05T06:12:05.000 9.131348614337683102e+03 1.720561316860213083e+03  5498161.741460317746 -9.6128775814349865e-02
2024-03-05T06:12:15.000 1.013459836409891068e+04 1.511083451499753210e+03  5498164.822031286545 +4.0590263691456130e-02
2024-03-05T06:12:25.000 1.031876700133179656e+04 1.801830134205166587e+03  5498167.685726847500 +8.3033708488073898e-03
2024-03-05T06:12:35.000 1.278367335225708666e+04 1.992544266836951010e+03  5498170.662275607698 -3.2447099461023754e-03
2024-03-05T06:12:45.000 1.016486487571211001e+04 1.781638755492417204e+03  5498174.009524586610 -6.7114234241216764e-04
2024-03-05T06:18:15.000 1.028937599162615697e+04 1.726572420651799803e+03  5498256.548131583259 -3.9311845296060710e-01
2024-03-05T06:18:25.000 1.237950001192535092e+04 1.892741747008640004e+03  5498260.257116903551 +3.6354275931978464e-01
2024-03-05T06:18:35.000 1.212758369670729735e+04 1.741811113417386196e+03  5498262.681552032009 -8.9287733097535238e-02
2024-03-05T06:18:45.000 9.417574521991717120e+03 1.579521806693347571e+03  5498265.247169445269 -1.6030264534344951e-01
2024-03-05T06:18:55.000 1.150457462761766692e+04 1.774051748465018591e+03  5498267.644478766248 -1.7989518048318587e-01
2024-03-05T06:19:05.000 1.165254198720950080e+04 1.715070913007814397e+03  5498270.477818841115 +3.3311225092143104e-01
2024-03-05T06:19:15.000 1.175226807184773315e+04 1.602477983883689376e+03  5498272.382855043747 -1.2681545667305727e-01
2024-03-05T06:19:25.000 8.801888323644730917e+03 1.441367635125868446e+03  5498274.976136023179 -1.8150161649145957e-02
2024-03-05T06:19:35.000 7.668094182673416071e+03 1.278798851955779810e+03  5498277.523536556400 +3.6158768091354432e-04
2024-03-05T06:19:45.000 1.089220846387486017e+04 1.715746436725209151e+03  5498279.792905778624 +6.5659844195806727e-03
2024-03-05T06:25:15.000 1.271684780947682339e+04 2.021251471585339686e+03  5498332.496823717840 -6.1831902424160035e-02
2024-03-05T06:25:25.000 1.161878745239011732e+04 1.983292580509730669e+03  5498334.269056655467 +1.0967724413319502e-01
2024-03-05T06:25:35.000 8.359229552180431710e+03 1.510694703721221458e+03  5498335.750094708055 +2.8694910578337840e-02
2024-03-05T06:25:45.000 6.270632419050855788e+03 1.150506456618388711e+03  5498336.702462321147 -5.6082362878998993e-01
2024-03-05T06:25:55.000 1.205253500896450896e+04 2.108734782650832130e+03  5498338.863774671219 +5.7600661112246598e-02
2024-03-05T06:26:05.000 7.733425403355880917e+03 1.501294822782342180e+03  5498340.616659678519 +2.5215123516613858e-01
2024-03-05T06:26:15.000 1.019343358845083094e+04 1.560653838491787155e+03  5498341.874932011589 -6.1851373031117873e-02
2024-03-05T06:26:25.000 5.586084895501041501e+03 9.936162353896359036e+02  5498343.101124721579 -3.9515927246043248e-01
2024-03-05T06:26:35.000 7.595648349507221610e+03 1.357795967982313414e+03  5498345.177087746561 +1.9525994213643116e-01
2024-03-05T06:26:45.000 6.346929121707435115e+03 1.090084985425280820e+03  5498346.220260267146 -6.8245814598867582e-02
2024-03-05T06:32:15.000 7.111525735501380950e+03 1.531222108935520055e+03  5498381.923008590937 +2.5966435435339008e-01
2024-03-05T06:32:25.000 9.501560814946164101e+03 1.770206348938564361e+03  5498383.079477352090 -2.2959265382280591e-01
2024-03-05T06:32:35.000 7.582795065116900332e+03 1.427113604858416466e+03  5498385.141418063082 +3.0492614551985753e-01
2024-03-05T06:32:45.000 6.000323498435261172e+03 1.204981052627729923e+03  5498385.637771769427 -3.2160136523145866e-01
2024-03-05T06:32:55.000 5.885934706978898248e+03 1.069338557820964525e+03  5498386.786665256135 +5.1027775464149272e-02
2024-03-05T06:33:05.000 1.089708470243678858e+04 2.125195832937514297e+03  5498387.499295492657 +7.9698413451069428e-02
2024-03-05T06:33:15.000 1.161738272189365671e+04 2.078570972541695483e+03  5498388.301704592071 -1.2475420984515040e-02
2024-03-05T06:33:25.000 1.176661896181617885e+04 2.209029959714899633e+03  5498389.518801625818 -1.0435633140070877e-01
2024-03-05T06:33:35.000 7.285010572634915661e+03 1.434968625100950248e+03  5498391.551171868108 +2.4779803130115852e-01
2024-03-05T06:33:45.000 9.203519938366263887e+03 1.606234887962288440e+03  5498392.876160176471 -4.0809290874790349e-02
2024-03-05T06:39:15.000 5.889516784952384114e+03 1.057792505614444963e+03  5498415.422145908698 +1.1264027738718596e-01
2024-03-05T06:39:25.000 6.346829244198652304e+03 1.263080519604920482e+03  5498415.592076331377 -3.6154144860211090e-01
2024-03-05T06:39:35.000 7.425837166544676620e+03 1.366913083060376039e+03  5498417.168507082388 +3.5895000143273137e-01
2024-03-05T06:39:45.000 1.087479315981293075e+04 2.099207083876377055e+03  5498417.457007643767 -2.8705598141982591e-02
2024-03-05T06:39:55.000 8.144405301635909382e+03 1.726862530338333727e+03  5498417.720626720227 -2.0865288684183270e-01
2024-03-05T06:40:05.000 1.205047716080440114e+04 2.272757487672329262e+03  5498418.301272789948 +2.0646542937015511e-02
2024-03-05T06:40:15.000 1.406838474083031906e+04 2.195108353196578264e+03  5498418.811580820940 +8.3907766269476269e-02
2024-03-05T06:40:25.000 9.159312905725288147e+03 1.693061272858546317e+03  5498419.161995992064 -1.9826685306895797e-01
2024-03-05T06:40:35.000 1.280931516208687754e+04 2.476106284280007912e+03  5498420.061848314479 +3.7313869436275127e-02
2024-03-05T06:40:45.000 7.359007390744629447e+03 1.455251885145223241e+03  5498420.163165764883 -1.4130030264823290e-02
2024-03-05T06:48:15.000 1.147601394738839372e+04 2.121524904118785798e+03  5498438.502251511440 +2.0659709243432189e-02
2024-03-05T06:48:25.000 1.676168807253822160e+04 2.660662902445524651e+03  5498438.829269954935 +1.5060046767757740e-02
2024-03-05T06:48:35.000 1.334537610346509427e+04 1.965313995905493357e+03  5498438.707814373076 -1.0767511538233521e-01
2024-03-05T06:48:45.000 7.847709378801589082e+03 1.474827570807997972e+03  5498439.053004150279 +1.9132069819568187e-01
2024-03-05T06:48:55.000 1.277799852789909528e+04 1.965443685013630784e+03  5498439.269030192867 +1.6092441602347662e-01
2024-03-05T06:49:05.000 1.627136182768622348e+04 2.474890208848901239e+03  5498439.372999192216 -1.7970953687188285e-01
2024-03-05T06:49:15.000 1.626133325165698261e+04 2.740539753871089033e+03  5498440.205893453211 +1.0623335081140795e-01
2024-03-05T06:49:25.000 1.611394409644071129e+04 2.474919287107270520e+03  5498440.611101351678 -1.1819091296956685e-02
2024-03-05T06:49:35.000 1.766602351735918273e+04 2.844308882029087727e+03  5498441.019831671380 -9.9886141967999720e-03
2024-03-05T06:49:45.000 9.165874531547588049e+03 1.543689702171008776e+03  5498441.335685394704 +1.1048017061852988e-02
2024-03-05T06:55:15.000 1.027770749798620091e+04 1.889543496242814172e+03  5498443.720898536034 -2.3328177495250202e-01
2024-03-05T06:55:25.000 1.429743016144237845e+04 2.536670240748021115e+03  5498444.305053696036 +1.3055235652620922e-01
2024-03-05T06:55:35.000 1.234797251574655456e+04 2.108534499396445426e+03  5498444.423401207663 -1.2759378275063682e-02
2024-03-05T06:55:45.000 1.566475031667958683e+04 2.436278793197843243e+03  5498444.754112749361 +3.8183154910825579e-02
2024-03-05T06:55:55.000 2.123286298818529031e+04 3.475589349182392652e+03  5498444.890039567836 -9.3320891521671001e-02
2024-03-05T06:56:05.000 1.301705204864852385e+04 2.157417919023986087e+03  5498445.273689615540 +6.1566943909383554e-02
2024-03-05T06:56:15.000 1.719635451073540025e+04 2.794813768125848128e+03  5498445.579222882167 +1.8788292236297366e-01
2024-03-05T06:56:25.000 1.403038325255535710e+04 2.298026229357575630e+03  5498445.228526659310 -3.0840047213314392e-01
2024-03-05T06:56:35.000 1.067354478456125617e+04 1.903833311355640262e+03  5498445.914371334016 +2.1144441290471150e-01
2024-03-05T06:56:45.000 7.526360505169896896e+03 1.166154157318697798e+03  5498445.935211418197 -5.7635404691609438e-02
2024-03-05T07:02:15.000 1.902051937589467343e+04 3.190529858846668503e+03  5498453.281327089295 -5.3027665106583299e-02
2024-03-05T07:02:25.000 1.246083399010230642e+04 2.518701949552134465e+03  5498453.865194460377 +1.1009495400401192e-01
2024-03-05T07:02:35.000 1.389475673628968980e+04 2.525678456115156223e+03  5498454.120117188431 +2.8269060037700910e-02
2024-03-05T07:02:45.000 8.478845138805319948e+03 1.571538756767381983e+03  5498454.105178690515 -1.9978625165276753e-01
2024-03-05T07:02:55.000 1.238875313907462078e+04 2.462032043519791387e+03  5498454.547203412279 +1.1278420407211343e-01
2024-03-05T07:03:05.000 7.026362435025551349e+03 1.363469829105480130e+03  5498454.144452896900 -4.0538267969373010e-01
2024-03-05T07:03:15.000 8.461695263064053506e+03 1.538503591487991571e+03  5498454.476391109638 -2.2415340445309084e-01
2024-03-05T07:03:25.000 1.143056703404328618e+04 1.902270034918702549e+03  5498455.289717161097 +4.2408441423049226e-01
2024-03-05T07:03:35.000 9.116082705134922435e+03 1.602652389888005018e+03  5498454.405666847713 -4.9832684303066799e-01
2024-03-05T07:03:45.000 7.792776111029631465e+03 1.336738651427129980e+03  5498454.671323254704 +1.6694535742090011e-01
2024-03-05T07:09:15.000 1.377197884831853116e+04 2.885980660434084712e+03  5498462.934991710819 +7.4041065636720305e-02
2024-03-05T07:09:25.000 9.026982020669956910e+03 1.736315029455398417e+03  5498462.706348028965 -1.7841592836214204e-01
2024-03-05T07:09:35.000 1.046676372915044885e+04 2.428613714799290392e+03  5498462.658383200876 -7.3550848128888902e-02
2024-03-05T07:09:45.000 1.550110093574597704e+04 3.036231278579060927e+03  5498462.680279945023 +8.2907607418064799e-02
2024-03-05T07:09:55.000 8.107385664049807019e+03 1.732801716916394980e+03  5498462.558962835930 -2.8952157340768281e-02
2024-03-05T07:10:05.000 9.723330649293642637e+03 2.028628111293895472e+03  5498462.671286945231 -6.2936160529943663e-02
2024-03-05T07:10:15.000 1.229001909356331817e+04 2.579208210417496502e+03  5498462.944976955652 -5.7705877575244813e-02
2024-03-05T07:10:25.000 7.359080700226421868e+03 1.432612194354079747e+03  5498463.568932478316 +2.6162690622879836e-01
2024-03-05T07:10:35.000 5.637182215470246774e+03 1.054559419076224685e+03  5498463.325982812792 -1.9564529559636412e-01
2024-03-05T07:10:45.000 5.601631853880442577e+03 1.116932866559505783e+03  5498463.517241029069 +2.6628245589904509e-02
2024-03-05T07:16:15.000 7.852156107714937207e+03 1.592184432718161361e+03  5498465.175668273121 -2.9095227108177824e-01
2024-03-05T07:16:25.000 6.696346854140129835e+03 1.528250072739979487e+03  5498465.317099538632 +3.0280369963873000e-01
2024-03-05T07:16:35.000 6.700008498132749992e+03 1.551223426413978814e+03  5498464.989287941717 +3.3078260351294375e-01
2024-03-05T07:16:45.000 1.066560447243168528e+04 2.168365652144774685e+03  5498464.487524700351 -1.7508252788775280e-01
2024-03-05T07:16:55.000 8.582161344614345580e+03 1.829611031530458831e+03  5498464.929571567103 -3.1451073459720646e-04
2024-03-05T07:17:05.000 7.241326321527530126e+03 1.515472617517347089e+03  5498465.170690678991 -1.3235555540063615e-02
2024-03-05T07:17:15.000 4.501313261261633670e+03 9.468268351684024537e+02  5498465.417943747714 +2.6895854137490005e-01
2024-03-05T07:17:25.000 5.563515234136227264e+03 1.247509631403827598e+03  5498464.959149002098 +2.2878195088321718e-01
2024-03-05T07:17:35.000 1.223097751150061231e+04 2.727950850540806641e+03  5498464.120422122069 -7.4373642165596721e-02
2024-03-05T07:17:45.000 6.305932265316748271e+03 1.291191069541862134e+03  5498464.440110846423 +8.9322184323577858e-02
