# Observation conducted on 2024.03.06 at Tr rev. 2
# Base frequency: 8432.00 MHz BW: 2 kHz dF: 0.2 Hz dT: 10.0 s Nscans: 1
# Format: UTC Time     |    Signal-to-Noise     |      Spectral max      | Freq detection [Hz] |   Doppler noise [Hz]  |
# 
2024-03-05T05:43:05.000 3.984107166434625924e+03 1.527879343227665913e+03  4044288.748386346269 +1.6158341861682857e-04
2024-03-05T05:43:15.000 4.326550265383011720e+03 1.669626058380288669e+03  4044283.573197714053 -1.6403058100422641e-04
2024-03-05T05:43:25.000 4.239707370806319886e+03 1.620348060489429372e+03  4044278.385383265559 -7.6781230904998665e-04
2024-03-05T05:43:35.000 4.352110607462153894e+03 1.609622180690897949e+03  4044273.191746257246 +1.0475948541852631e-03
2024-03-05T05:43:45.000 4.095238866383063851e+03 1.587161264338197725e+03  4044267.990385893267 +1.4235852663659898e-03
2024-03-05T05:43:55.000 4.136141216069549046e+03 1.495954728951187008e+03  4044262.778741063084 -2.7194262964940208e-03
2024-03-05T05:44:05.000 4.120693559157377422e+03 1.561796115285083943e+03  4044257.567648806144 -3.3229437133286410e-04
2024-03-05T05:44:15.000 4.299115377732903653e+03 1.525119191662990488e+03  4044252.350390027277 +2.0998200786834786e-03
2024-03-05T05:44:25.000 3.854474848606341311e+03 1.546837659190758359e+03  4044247.122124981135 -7.1581978909307509e-04
2024-03-05T05:44:35.000 4.123279493184149032e+03 1.551097177924430980e+03  4044241.892907685135 -5.7386608125398197e-04
2024-03-05T05:44:45.000 4.306645409931988070e+03 1.580743673978657398e+03  4044236.664398137946 +2.3257427631051542e-04
2024-03-05T05:50:15.000 4.389653398861352798e+03 1.557169910236895248e+03  4044061.335968300700 -1.4549412594533351e-04
2024-03-05T05:50:25.000 3.722883877398026925e+03 1.475078133961086678e+03  4044055.930097546428 -4.6516143720509717e-04
2024-03-05T05:50:35.000 4.110871484050874642e+03 1.576481884566845793e+03  4044050.531661147252 +8.8305606209360121e-04
2024-03-05T05:50:45.000 4.095408346353737670e+03 1.502574083779064949e+03  4044045.130004784092 +3.9052229112712666e-05
2024-03-05T05:50:55.000 3.961682065984171459e+03 1.563378859611966391e+03  4044039.722936094273 -8.9203349159561185e-04
2024-03-05T05:51:05.000 4.083635891946969423e+03 1.593847687057132816e+03  4044034.310364085250 -3.1311112707044231e-06
2024-03-05T05:51:15.000 4.225607762565597113e+03 1.612114599722387993e+03  4044028.890004406217 +3.1730135992802389e-04
2024-03-05T05:51:25.000 4.380624406358888336e+03 1.674198095432818945e+03  4044023.464224486146 +4.2768328376041609e-04
2024-03-05T05:51:35.000 4.059899322725418642e+03 1.678450014285147745e+03  4044018.035742352251 -6.7059744480957306e-04
2024-03-05T05:51:45.000 3.766157008675459565e+03 1.592729831725658642e+03  4044012.612995256204 +2.3270800988939300e-04
2024-03-05T05:57:15.000 3.712063347976714340e+03 1.425735992561428247e+03  4043830.654415115714 -2.8573669172828886e-03
2024-03-05T05:57:25.000 3.258428369292376374e+03 1.436457466679446270e+03  4043825.075293018483 +2.6650288307337178e-03
2024-03-05T05:57:35.000 3.956068491840217121e+03 1.459153157211844245e+03  4043819.490238163620 +2.4711201108402747e-03
2024-03-05T05:57:45.000 3.662291309369261853e+03 1.430523171149382733e+03  4043813.892198292073 -3.9765934562865368e-03
2024-03-05T05:57:55.000 3.783805285504808126e+03 1.464432443032166930e+03  4043808.295453804545 +2.8468846198848041e-04
2024-03-05T05:58:05.000 3.788807149394923272e+03 1.548820184918842870e+03  4043802.685268418398 +4.2965510328940582e-04
2024-03-05T05:58:15.000 3.934630660807530148e+03 1.566442740119337714e+03  4043797.066913017072 -7.0325961928574543e-05
2024-03-05T05:58:25.000 3.720028041228199527e+03 1.509041944432406808e+03  4043791.445799425244 +1.7474979121061551e-03
2024-03-05T05:58:35.000 3.537056055916163132e+03 1.502030484280671999e+03  4043785.815910204779 -2.1720034204690819e-03
2024-03-05T05:58:45.000 3.664756466420803008e+03 1.472697648719675954e+03  4043780.190245380159 +6.0581708862628147e-04
2024-03-05T06:04:15.000 3.347613327785758884e+03 1.441476928256581232e+03  4043591.792312427424 +1.1422296311138780e-03
2024-03-05T06:04:25.000 3.427170717458762738e+03 1.409328571612571068e+03  4043586.000021059532 +4.9677579909257474e-05
2024-03-05T06:04:35.000 3.630401586064810090e+03 1.528577350999693181e+03  4043580.211508060805 -1.0155596683034673e-03
2024-03-05T06:04:45.000 3.522231269849614364e+03 1.709715255373670288e+03  4043574.422467547935 -1.7774892119177821e-03
2024-03-05T06:04:55.000 3.823778003190910567e+03 1.501522347531647029e+03  4043568.633155476768 +2.5788580472863032e-03
2024-03-05T06:05:05.000 3.488003161628730595e+03 1.373463020310540287e+03  4043562.829301624559 +1.2508080674251687e-03
2024-03-05T06:05:15.000 3.626424574884717913e+03 1.349716616185205567e+03  4043557.012953246478 -2.4069100944643651e-03
2024-03-05T06:05:25.000 4.290386831736242129e+03 1.408668664276390246e+03  4043551.193777044304 -6.4880215643370320e-04
2024-03-05T06:05:35.000 3.572745373037548234e+03 1.516408005372304842e+03  4043545.373501218390 +2.0348376814354197e-03
2024-03-05T06:05:45.000 3.293276849518639665e+03 1.362917736716878380e+03  4043539.557309801690 -7.5634935433299688e-04
2024-03-05T06:11:15.000 3.602321756700832793e+03 1.410357740135107633e+03  4043345.042925384827 -1.9553584319282891e-03
2024-03-05T06:11:25.000 3.404972542297788095e+03 1.555306546576311803e+03  4043339.075904561672 +3.5400665403813036e-03
2024-03-05T06:11:35.000 3.433379213250058456e+03 1.434030795697574831e+03  4043333.099300798960 -7.0918029905442381e-04
2024-03-05T06:11:45.000 3.387633240777149695e+03 1.434426015882615729e+03  4043327.120664021932 -3.6226994451453720e-03
2024-03-05T06:11:55.000 3.922086457404721386e+03 1.484153955968454284e+03  4043321.145153780468 +1.8397854826162074e-03
2024-03-05T06:12:05.000 3.637874279494627444e+03 1.457255690073708138e+03  4043315.157989564817 +1.4591144130235989e-03
2024-03-05T06:12:15.000 3.883769807886416856e+03 1.430319888727389298e+03  4043309.163036746904 -1.3269982249539680e-03
2024-03-05T06:12:25.000 3.225775803499596805e+03 1.546527939520283780e+03  4043303.167255925480 -6.4424530216911080e-04
2024-03-05T06:12:35.000 3.940279684645676753e+03 1.430558689747581184e+03  4043297.169282215182 +7.2793120568803715e-04
2024-03-05T06:12:45.000 3.669696504032196117e+03 1.444393768033391780e+03  4043291.167511210311 -2.2732325805918663e-04
2024-03-05T06:18:15.000 3.535705025042924717e+03 1.338674839432423141e+03  4043090.626352959312 -9.1694393643138028e-04
2024-03-05T06:18:25.000 3.620288371654780349e+03 1.389033278313838309e+03  4043084.480607394595 +1.1405170251919117e-03
2024-03-05T06:18:35.000 3.098249208985366749e+03 1.355356472347873250e+03  4043078.326837640721 +2.3103057060325227e-05
2024-03-05T06:18:45.000 3.661956475281117491e+03 1.378197472473857260e+03  4043072.167729384266 -1.0379313014254876e-03
2024-03-05T06:18:55.000 3.454554186100337574e+03 1.363867879421899715e+03  4043066.006616957486 +4.0901526369907515e-04
2024-03-05T06:19:05.000 3.250322538543369774e+03 1.420851625264371705e+03  4043059.841229178943 +6.5569952585065039e-04
2024-03-05T06:19:15.000 3.016315782608432983e+03 1.473919375479976452e+03  4043053.672492297366 -4.8904967570706503e-04
2024-03-05T06:19:25.000 3.599694256089109331e+03 1.428016121565887488e+03  4043047.503326719161 -2.8635130775001016e-05
2024-03-05T06:19:35.000 3.209633292804399389e+03 1.502495253732583706e+03  4043041.329603143968 +5.1413371238595573e-05
2024-03-05T06:19:45.000 3.918515630399942893e+03 1.378991736832804690e+03  4043035.146486357320 +1.2053593536620610e-06
2024-03-05T06:25:15.000 3.144522233491794395e+03 1.315795898644679482e+03  4042828.913479716983 -1.2349350811291515e-03
2024-03-05T06:25:25.000 3.174621699081007591e+03 1.392025016464680220e+03  4042822.600190047175 +1.8363740017548480e-03
2024-03-05T06:25:35.000 3.290077331105773283e+03 1.306482441431474399e+03  4042816.276092335116 -3.0816966989277716e-04
2024-03-05T06:25:45.000 3.818872504632469372e+03 1.359633273009847926e+03  4042809.947157755960 -1.1593910874125868e-03
2024-03-05T06:25:55.000 3.144942977913410232e+03 1.409595933925571899e+03  4042803.615105770063 +9.4348698462454195e-04
2024-03-05T06:26:05.000 3.717176118080049037e+03 1.381464816407449689e+03  4042797.275423305575 +9.5298152746181586e-04
2024-03-05T06:26:15.000 3.801682920127874240e+03 1.338655938312815806e+03  4042790.928877137136 -1.2533066336573029e-03
2024-03-05T06:26:25.000 3.368435292487002698e+03 1.329747100115183457e+03  4042784.583010490052 +7.4487103995579673e-04
2024-03-05T06:26:35.000 3.117529545458599387e+03 1.344792903216749664e+03  4042778.231945961714 -1.6570550997130340e-04
2024-03-05T06:26:45.000 3.402326013984860765e+03 1.290475174601533581e+03  4042771.880903939717 +7.6532469392986968e-06
2024-03-05T06:32:15.000 3.334464628218031066e+03 1.207635551549270531e+03  4042559.985871087294 +1.3840912092746294e-03
2024-03-05T06:32:25.000 3.405502886018797653e+03 1.314452068678604064e+03  4042553.491843115073 -7.6838569054871186e-04
2024-03-05T06:32:35.000 3.607423138702086362e+03 1.223664769519600441e+03  4042547.002111209556 -9.2883509466901160e-04
2024-03-05T06:32:45.000 3.194003571175992420e+03 1.213932051195338545e+03  4042540.510866950732 +2.0340492471859761e-04
2024-03-05T06:32:55.000 3.022891672995765020e+03 1.247931153436651812e+03  4042534.014521689620 +2.0351644342326836e-03
2024-03-05T06:33:05.000 2.911795111447563613e+03 1.428170231686892748e+03  4042527.507351503707 -2.3343922578078491e-04
2024-03-05T06:33:15.000 2.748826315796377912e+03 1.348272692661110113e+03  4042520.995663661044 -1.4003747277229195e-03
2024-03-05T06:33:25.000 3.479595193205149371e+03 1.441419031905260908e+03  4042514.483451368287 -5.6478505803170265e-04
2024-03-05T06:33:35.000 3.398637045904910337e+03 1.309129572238679430e+03  4042507.974651579279 +1.1729844028423031e-03
2024-03-05T06:33:45.000 3.461236344546223336e+03 1.322896252925830368e+03  4042501.472022502217 -3.6894641448270704e-04
2024-03-05T06:39:15.000 3.019297699912867756e+03 1.316550764993850180e+03  4042284.173858833965 +3.3471889411202937e-03
2024-03-05T06:39:25.000 3.373844611656997586e+03 1.229395132902315709e+03  4042277.524789573159 -2.8314139161693674e-03
2024-03-05T06:39:35.000 2.932248427312782042e+03 1.258960002648667796e+03  4042270.877508515026 -2.7940325901454344e-04
2024-03-05T06:39:45.000 2.946511888273871591e+03 1.272481065752081577e+03  4042264.224572016392 +1.4400162745005218e-03
2024-03-05T06:39:55.000 2.984041366987727088e+03 1.269743563291691544e+03  4042257.565026871394 +4.0052446308891376e-04
2024-03-05T06:40:05.000 3.022525281250516400e+03 1.255647602466988928e+03  4042250.903461535461 +1.4665831888578396e-03
2024-03-05T06:40:15.000 3.406278473767781179e+03 1.274154983957638478e+03  4042244.231132209767 -2.4777997143701214e-03
2024-03-05T06:40:25.000 2.790147280256976956e+03 1.316136297191880658e+03  4042237.557202184107 +8.1294737606185663e-04
2024-03-05T06:40:35.000 2.821443138807184368e+03 1.294923009243986598e+03  4042230.866853929125 +1.1607324183842138e-03
2024-03-05T06:40:45.000 2.303935050356859847e+03 1.269362870758557847e+03  4042224.154475520365 -7.4710198612137901e-04
2024-03-05T06:48:15.000 2.694089866279553007e+03 1.120198072926556051e+03  4041919.851344715338 -7.7359766237350414e-05
2024-03-05T06:48:25.000 2.844572024758143471e+03 1.138590955015973577e+03  4041913.014079740737 +1.4048284288037394e-04
2024-03-05T06:48:35.000 2.669215024453176284e+03 1.228582151642593999e+03  4041906.164324373472 -2.0635961607240461e-04
2024-03-05T06:48:45.000 2.867480646245609023e+03 1.179967304280538428e+03  4041899.308798511513 +1.8606275011734397e-04
2024-03-05T06:48:55.000 2.867005255014080831e+03 1.143045874481558258e+03  4041892.449572470039 -3.5125820488701720e-04
2024-03-05T06:49:05.000 2.754111089126656225e+03 1.144392106667844246e+03  4041885.591463427525 +1.0197720745281913e-03
2024-03-05T06:49:15.000 2.825016460409094634e+03 1.165551518222756840e+03  4041878.728707453702 -1.6000191338889636e-03
2024-03-05T06:49:25.000 2.639782461418531966e+03 1.173041766477734654e+03  4041871.869364405517 +1.6414387068834912e-03
2024-03-05T06:49:35.000 2.940356502382463987e+03 1.205127154287912390e+03  4041864.998279733583 -6.0712915330896067e-04
2024-03-05T06:49:45.000 3.223027289573929011e+03 1.142181532284826517e+03  4041858.117995219771 +9.4004088396104635e-05
2024-03-05T06:55:15.000 2.811540132326786988e+03 1.078896790889281419e+03  4041629.493815908674 -3.8927880427763739e-04
2024-03-05T06:55:25.000 2.621796741078911509e+03 1.200403513726726942e+03  4041622.508127524517 -4.5795063078912790e-04
2024-03-05T06:55:35.000 2.889470643577791634e+03 1.286087660307003489e+03  4041615.523134925868 +2.0198544274308006e-03
2024-03-05T06:55:45.000 2.315937623512710161e+03 1.052300294195736569e+03  4041608.526347888168 -2.6764924298277037e-03
2024-03-05T06:55:55.000 2.929865592246003871e+03 1.100192865412277342e+03  4041601.530474257655 -9.0723357072874933e-04
2024-03-05T06:56:05.000 2.736897196542691745e+03 1.191027206879480218e+03  4041594.531253658701 +2.5310744049420464e-03
2024-03-05T06:56:15.000 3.190234796341198489e+03 1.124367696152329245e+03  4041587.521603899077 -1.0784371783074675e-03
2024-03-05T06:56:25.000 2.980109557410482466e+03 1.135622026084675554e+03  4041580.515952981077 +3.2865379512259096e-04
2024-03-05T06:56:35.000 2.962338260580642782e+03 1.145231753048044538e+03  4041573.510169598274 -1.0184732593643275e-04
2024-03-05T06:56:45.000 1.998883009411328203e+03 1.018709937343153001e+03  4041566.509409799706 +7.3506878038642753e-05
2024-03-05T07:02:15.000 2.376039777756767762e+03 1.021869235965252983e+03  4041333.145069500431 -2.4755285123774229e-03
2024-03-05T07:02:25.000 2.475642296828809322e+03 1.075086615816766880e+03  4041326.032281160355 +1.8424050426801841e-03
2024-03-05T07:02:35.000 2.730881456866340613e+03 1.132126240278804062e+03  4041318.907445505727 +1.1194105828735701e-03
2024-03-05T07:02:45.000 2.741249260637138832e+03 1.228638312716563178e+03  4041311.774863686878 -9.7827457000221330e-04
2024-03-05T07:02:55.000 2.860943456974120181e+03 1.130692280325006777e+03  4041304.638562503736 -1.6115260723381652e-03
2024-03-05T07:03:05.000 2.743904818620651440e+03 1.138010375853220467e+03  4041297.502284700982 +1.6467184772182009e-03
2024-03-05T07:03:15.000 2.302200047641364108e+03 1.204790404495751773e+03  4041290.357789751608 -4.6300243479890923e-04
2024-03-05T07:03:25.000 2.862944253845946150e+03 1.076677505392463218e+03  4041283.214088970795 +7.7319889646787487e-04
2024-03-05T07:03:35.000 2.970856774059274812e+03 1.056033234732419942e+03  4041276.064079861157 -8.9834107473052427e-04
2024-03-05T07:03:45.000 2.792666341172700868e+03 1.105195345362569014e+03  4041268.911143627949 +3.2343217105790245e-04
2024-03-05T07:09:15.000 2.338841427798792211e+03 1.062140432549690104e+03  4041031.192947640084 -3.5492540936274963e-03
2024-03-05T07:09:25.000 2.651774019380182381e+03 1.081309995776859978e+03  4041023.944386898074 +5.8461266256699673e-03
2024-03-05T07:09:35.000 2.259764353635374846e+03 9.697725865113532109e+02  4041016.668666476384 -4.7532354429904444e-03
2024-03-05T07:09:45.000 2.267990817915233947e+03 1.039075282830751121e+03  4041009.399971127976 -4.9887006776998533e-03
2024-03-05T07:09:55.000 2.376151829536195692e+03 1.031092761405869851e+03  4041002.140202426817 +4.9705598522677974e-03
2024-03-05T07:10:05.000 2.388994764746310921e+03 1.051125427226562579e+03  4040994.867268728092 +2.2675658118487263e-03
2024-03-05T07:10:15.000 2.733041271742114532e+03 1.079545770727118679e+03  4040987.592538447585 -1.6391440024108306e-03
2024-03-05T07:10:25.000 2.596087734018125047e+03 1.087062444461549148e+03  4040980.319551235531 -2.7142962836705919e-03
2024-03-05T07:10:35.000 2.339862532905660828e+03 1.081526324697653990e+03  4040973.052470546681 +3.6567317397384613e-03
2024-03-05T07:10:45.000 2.543276524677799443e+03 9.812276524558081974e+02  4040965.773039496504 -8.2618646160881326e-04
2024-03-05T07:16:15.000 2.299694079259811588e+03 1.042853325276437317e+03  4040723.946563700214 -1.7971881549101454e-03
2024-03-05T07:16:25.000 2.241861487910034612e+03 9.664292966226996668e+02  4040716.567522334401 +2.9865573249026056e-03
2024-03-05T07:16:35.000 2.164742358658181274e+03 1.024247374938480561e+03  4040709.178872086108 -1.9389891197079123e-03
2024-03-05T07:16:45.000 2.525066934665325334e+03 1.010586705019075907e+03  4040701.795460707974 -6.3544095269207901e-05
2024-03-05T07:16:55.000 2.416837735967725621e+03 9.562825648321447716e+02  4040694.408491667826 +4.3168655429326463e-04
2024-03-05T07:17:05.000 2.676592603085627161e+03 1.036756826814970964e+03  4040687.018750403542 +2.6715772446550545e-04
2024-03-05T07:17:15.000 2.495360575942664582e+03 1.042538250090605743e+03  4040679.625605579466 -1.5668605251448753e-03
2024-03-05T07:17:25.000 2.166901616201885645e+03 1.106413972508513552e+03  4040672.237333987840 +2.8815133689477079e-03
2024-03-05T07:17:35.000 2.119599476658436743e+03 9.953625986795891549e+02  4040664.838381221052 -1.8466539695509709e-03
2024-03-05T07:17:45.000 2.462881666354031495e+03 1.017673775938947529e+03  4040657.443928705063 +3.1281352983114630e-04
2024-03-05T07:29:09.000 4.063467665440115439e+01 2.154178259399202489e+01  5568255.123976633884 -3.4726895137282554e-08
2024-03-05T07:29:19.000 4.403668626125612917e+01 2.413542696050262393e+01  5568254.105008423328 +2.1718733478337526e-08
2024-03-05T07:29:29.000 3.885910508483174652e+01 2.136221428159304025e+01  5568257.093919210136 +2.8219164960319176e-07
2024-03-05T07:29:39.000 5.467527622840386670e+01 2.664255006923966818e+01  5568257.208333754912 +9.4143956630432513e-07
2024-03-05T07:29:49.000 5.027361695319988399e+01 2.391239553676792440e+01  5568254.626184361055 +2.2239785266719991e-06
