# Observation conducted on 2024.03.06 at Mc rev. 2
# Base frequency: 8432.00 MHz BW: 2 kHz dF: 0.2 Hz dT: 10.0 s Nscans: 1
# Format: UTC Time     |    Signal-to-Noise     |      Spectral max      | Freq detection [Hz] |   Doppler noise [Hz]  |
# 
2024-03-05T05:43:05.000 1.759445907142742840e+02 8.666330112997442825e+01  4045236.045480296481 +1.4492519541363436e-02
2024-03-05T05:43:15.000 3.292623984309183243e+02 1.643543667996104318e+02  4045229.702229430899 -1.4025142847572170e-02
2024-03-05T05:43:25.000 5.189082575319162061e+02 2.543584115713752567e+02  4045223.473830710165 +3.6634129246522207e-03
2024-03-05T05:43:35.000 4.964738180362621165e+02 2.470176039677542121e+02  4045217.273714082781 +7.4845483983381200e-03
2024-03-05T05:43:45.000 4.801475638567807778e+02 2.428188935275534561e+02  4045211.073007031810 -1.1972231674576506e-02
2024-03-05T05:43:55.000 5.673511548432256859e+02 2.592490244366816228e+02  4045204.915620971005 +3.4410017015034100e-03
2024-03-05T05:44:05.000 5.481534505127830244e+02 2.629698965451453887e+02  4045198.735732031520 -1.2797201671901348e-03
2024-03-05T05:44:15.000 4.824003489135250220e+02 2.361382856766994678e+02  4045192.549152018968 -1.1104223275424374e-03
2024-03-05T05:44:25.000 4.166634461959340001e+02 2.263307450799864853e+02  4045186.351711951662 +9.1932398262315473e-03
2024-03-05T05:44:35.000 5.281549527374247646e+02 2.549649412415157883e+02  4045180.097111586947 -5.2456056707796961e-03
2024-03-05T05:44:45.000 3.064608523164231428e+02 1.531960367407219792e+02  4045173.818829230033 +4.2936483315543228e-03
2024-03-05T05:50:15.000 4.801809129986009452e+02 2.443482976932024826e+02  4044965.725403897464 +1.3255833079028889e-03
2024-03-05T05:50:25.000 4.516350495126706619e+02 2.354254032900830964e+02  4044959.341431911569 -1.5924215749691939e-03
2024-03-05T05:50:35.000 4.913105917304127388e+02 2.463803530868475207e+02  4044952.932871588506 -1.8201265382913334e-03
2024-03-05T05:50:45.000 4.768005627988968627e+02 2.266405065111476347e+02  4044946.515533733647 +3.8867663190558233e-03
2024-03-05T05:50:55.000 3.981932956631867455e+02 2.178343107061777175e+02  4044940.086188623216 +2.2917819957228858e-03
2024-03-05T05:51:05.000 4.887053350316359115e+02 2.402723267806908041e+02  4044933.651975584682 -6.2850828386444846e-03
2024-03-05T05:51:15.000 4.309003402359978736e+02 2.165382825941096598e+02  4044927.240824336652 +3.0816415151093679e-03
2024-03-05T05:51:25.000 4.562184931740301863e+02 2.174744701449875208e+02  4044920.824329787865 +3.4253636596304204e-03
2024-03-05T05:51:35.000 4.087009947824540177e+02 2.220061896050756616e+02  4044914.397235933691 -4.0010109642025782e-03
2024-03-05T05:51:45.000 4.280895121317169014e+02 2.155321095788106618e+02  4044907.967419287656 +8.8601958304934669e-04
2024-03-05T05:57:15.000 7.836387908958091657e+02 3.895927951435346586e+02  4044692.543643821031 +3.8743780963841346e-03
2024-03-05T05:57:25.000 6.360058958872675703e+02 3.172548606781474518e+02  4044685.947856617626 -5.6336582056246698e-03
2024-03-05T05:57:35.000 7.615535407203858540e+02 3.674000992829547272e+02  4044679.321506972425 -7.7833366947288596e-04
2024-03-05T05:57:45.000 7.682489415867606795e+02 3.820521475055160749e+02  4044672.678548700642 +5.6208071816854499e-04
2024-03-05T05:57:55.000 8.009123149495478629e+02 3.720729543581288112e+02  4044666.040097439662 +3.1954633674331490e-03
2024-03-05T05:58:05.000 7.861054783431607120e+02 3.681156418473056533e+02  4044659.402261586394 -1.2148673534966292e-03
2024-03-05T05:58:15.000 9.084490343358418158e+02 4.137752071214243870e+02  4044652.772525459528 -1.4286355506101245e-03
2024-03-05T05:58:25.000 8.425535909026665422e+02 4.040675882780478219e+02  4044646.139999451116 -4.0101822605720372e-05
2024-03-05T05:58:35.000 7.208391537330719530e+02 3.805645177643907004e+02  4044639.494384220801 +1.8244887742184801e-03
2024-03-05T05:58:45.000 8.226588276351498052e+02 3.701959296306371243e+02  4044632.824592443183 -5.3299292221709038e-04
2024-03-05T06:04:15.000 8.548838995759952013e+02 3.856314746618286904e+02  4044410.401871573646 +1.1886744046023523e-03
2024-03-05T06:04:25.000 8.629619041349792496e+02 3.920091476006072639e+02  4044403.558817106299 -3.0341485354483666e-03
2024-03-05T06:04:35.000 8.502589021649805545e+02 3.566601189803407692e+02  4044396.727946354542 +4.7175147889220170e-03
2024-03-05T06:04:45.000 9.583593327202178216e+02 4.120301950842186329e+02  4044389.882333779708 -3.5443708379716554e-03
2024-03-05T06:04:55.000 8.406802737495426072e+02 4.178002634392617551e+02  4044383.052219347563 +2.7002749724260866e-03
2024-03-05T06:05:05.000 8.185449379727148198e+02 4.157121817684152347e+02  4044376.211599260103 -8.9749887092693825e-04
2024-03-05T06:05:15.000 7.444408865925124701e+02 4.555151513569638269e+02  4044369.372120822314 +3.7131158626380056e-04
2024-03-05T06:05:25.000 7.462484651052059235e+02 4.253065867047847632e+02  4044362.522244986612 -5.3167010037213913e-04
2024-03-05T06:05:35.000 8.218556809980651678e+02 3.242306774497920969e+02  4044355.659932442475 +3.2601124871689535e-04
2024-03-05T06:05:45.000 7.681982361088042808e+02 3.831377407006004319e+02  4044348.774671045598 -9.2810478690807940e-05
2024-03-05T06:11:15.000 7.033691842296793766e+02 3.442740145912595722e+02  4044119.536062235944 -4.9883506823107382e-03
2024-03-05T06:11:25.000 5.571484262118888182e+02 2.922980493877696517e+02  4044112.495321777184 +7.4974998132120163e-03
2024-03-05T06:11:35.000 6.087720665527098163e+02 3.250535310146295274e+02  4044105.481325167231 +3.3488535869992120e-03
2024-03-05T06:11:45.000 9.601313394397652701e+02 4.211303916626812907e+02  4044098.462576486170 -3.1028905268613016e-03
2024-03-05T06:11:55.000 9.797511657255627142e+02 4.459376258027529047e+02  4044091.431964641437 +1.7761486674316984e-03
2024-03-05T06:12:05.000 6.585077747675845785e+02 3.586906077425825288e+02  4044084.363682322204 -6.2235502107341745e-03
2024-03-05T06:12:15.000 7.065902912660103539e+02 3.451640003930581315e+02  4044077.303505915217 +7.0601677771264804e-03
2024-03-05T06:12:25.000 7.171959096036341634e+02 3.504741847519726434e+02  4044070.226226932835 -2.4722832725956323e-03
2024-03-05T06:12:35.000 7.604036230887877537e+02 3.701514473420659215e+02  4044063.186135486700 -7.6358814533250552e-04
2024-03-05T06:12:45.000 5.723079598952820106e+02 2.972782443274022626e+02  4044056.187500057742 +8.1539492327920016e-04
2024-03-05T06:18:15.000 9.282259026927274590e+02 4.560202119249153156e+02  4043820.326615945436 +1.8724955539255461e-03
2024-03-05T06:18:25.000 1.159390163183290042e+03 4.746615955692984699e+02  4043813.109977337066 -2.2262760605826770e-03
2024-03-05T06:18:35.000 1.074072088735693796e+03 4.633569377410433958e+02  4043805.889208596200 +1.8570093500329676e-03
2024-03-05T06:18:45.000 1.201420596677874528e+03 4.711764800330021217e+02  4043798.652426204178 -1.6429288848485157e-05
2024-03-05T06:18:55.000 8.622596401301008200e+02 4.405282790891064337e+02  4043791.411267661490 +4.3948234997515101e-04
2024-03-05T06:19:05.000 8.422496035652720821e+02 4.509328817120554618e+02  4043784.162070110440 -3.7631790623890993e-03
2024-03-05T06:19:15.000 8.800367405998923687e+02 4.319630502669587031e+02  4043776.924121582881 +4.4874394368434878e-03
2024-03-05T06:19:25.000 1.002468913774927955e+03 4.876671742772409175e+02  4043769.669988903217 -2.1466074801992363e-03
2024-03-05T06:19:35.000 9.637612783574976447e+02 4.845358017184678374e+02  4043762.420610878151 +7.6265518987383984e-04
2024-03-05T06:19:45.000 8.869581333457506389e+02 4.314200440532418384e+02  4043755.154636886902 -1.2976556013200025e-04
2024-03-05T06:25:15.000 9.014891302075913018e+02 4.252732824099787194e+02  4043513.018951954320 +5.4869336645424482e-04
2024-03-05T06:25:25.000 1.011423056354366850e+03 4.530318112567435946e+02  4043505.616126959212 -4.2227143819673074e-04
2024-03-05T06:25:35.000 9.203140910491438262e+02 4.672567914875702968e+02  4043498.197091477457 -1.9633809904462396e-04
2024-03-05T06:25:45.000 9.328908749713002635e+02 4.198185999393041357e+02  4043490.768328086939 +1.0702785859848518e-03
2024-03-05T06:25:55.000 9.579505927307488946e+02 4.425353906071018173e+02  4043483.329653873574 -2.8270738627043102e-03
2024-03-05T06:26:05.000 9.574226485179249266e+02 4.367849255325181730e+02  4043475.902808043174 +5.5862230190086848e-03
2024-03-05T06:26:15.000 8.771342394596791792e+02 4.395862488821691159e+02  4043468.455548717640 -7.2990302533071372e-03
2024-03-05T06:26:25.000 9.438641962748379228e+02 4.293543852584533056e+02  4043461.030340732075 +3.6520418819918632e-03
2024-03-05T06:26:35.000 9.942495892669634259e+02 4.136593906624755164e+02  4043453.579983174801 -9.1395651861603255e-04
2024-03-05T06:26:45.000 8.947021813122330514e+02 4.536974009555881935e+02  4043446.111414053012 +1.0607350759528344e-04
2024-03-05T06:32:15.000 1.017192834269095442e+03 4.893247751506379473e+02  4043197.957312507555 -8.1366662388973054e-03
2024-03-05T06:32:25.000 1.253456239845981600e+03 5.859841920231814356e+02  4043190.337611489929 +7.1384219617129929e-03
2024-03-05T06:32:35.000 1.187233487762211553e+03 5.140581016213727708e+02  4043182.726851174608 -2.1444351639274828e-03
2024-03-05T06:32:45.000 1.064973556397981611e+03 4.989916839489436597e+02  4043175.131341357715 -3.1186911152190078e-03
2024-03-05T06:32:55.000 9.818019542527165413e+02 4.586853155529489072e+02  4043167.534515834413 +4.5167198391027341e-04
2024-03-05T06:33:05.000 1.160871668352250254e+03 5.067143473949534496e+02  4043159.925463803578 +1.1527745415378376e-03
2024-03-05T06:33:15.000 1.156523994726279852e+03 5.183933670227885386e+02  4043152.305742186494 -8.1762013326169836e-04
2024-03-05T06:33:25.000 1.074626987685106997e+03 4.911549433714013730e+02  4043144.685060527176 +2.4840199469053914e-03
2024-03-05T06:33:35.000 1.215318260658102872e+03 5.521972908196111121e+02  4043137.048099404667 -1.9853724193126254e-03
2024-03-05T06:33:45.000 1.010825358469201774e+03 4.221036183365859529e+02  4043129.399180103093 +8.6343680857225991e-04
2024-03-05T06:39:15.000 8.835263712090700210e+02 4.565409001905140371e+02  4042875.415386556648 +1.0653292005940784e-02
2024-03-05T06:39:25.000 8.860762827745124923e+02 4.367744265752318711e+02  4042867.652979912236 -1.3040171734019168e-02
2024-03-05T06:39:35.000 9.528886558050597841e+02 4.251818336323789254e+02  4042859.879455587827 +3.4582987655085162e-04
2024-03-05T06:39:45.000 9.838808511402274917e+02 5.103115947735689133e+02  4042852.087285693735 +6.6965680542807604e-03
2024-03-05T06:39:55.000 9.556814187824766123e+02 4.432259773523151125e+02  4042844.287033266854 -1.3737438355292397e-03
2024-03-05T06:40:05.000 1.015423521865847647e+03 4.683865380398886487e+02  4042836.505788874347 -8.1418519766884856e-04
2024-03-05T06:40:15.000 9.671645321053222233e+02 4.674497278614938409e+02  4042828.726895743515 -3.1408386496423191e-03
2024-03-05T06:40:25.000 9.039544786533252818e+02 4.713029223535919527e+02  4042820.952155697159 +3.0403069686144590e-03
2024-03-05T06:40:35.000 9.507876116910805422e+02 4.549772024947137083e+02  4042813.154555012938 +3.0376236395568412e-05
2024-03-05T06:40:45.000 9.938468183721139440e+02 4.924359496687422393e+02  4042805.341655454598 -3.0019995779184683e-04
2024-03-05T06:48:15.000 7.709420758531820184e+02 3.943031993187623243e+02  4042450.252034036443 -2.0764272114774940e-03
2024-03-05T06:48:25.000 8.752711757784344400e+02 3.976933482604118240e+02  4042442.282976989634 +2.4246862311656514e-03
2024-03-05T06:48:35.000 1.052645636251510723e+03 4.450767827643259125e+02  4042434.307800948154 +2.6240424188017641e-04
2024-03-05T06:48:45.000 8.518814591942827974e+02 4.459734791055690266e+02  4042426.320409609005 -4.6207831023821200e-03
2024-03-05T06:48:55.000 9.288024934252563298e+02 4.127714992200221218e+02  4042418.333173969295 +3.0688256152870963e-03
2024-03-05T06:49:05.000 7.626275708635238288e+02 3.934791630465278445e+02  4042410.325346842408 -1.9909567186005006e-05
2024-03-05T06:49:15.000 8.144363608818033526e+02 3.805783460676309460e+02  4042402.317629720550 +2.7333139723850763e-04
2024-03-05T06:49:25.000 7.296132852731891489e+02 3.692195143496714991e+02  4042394.312035101466 -2.9279127487598089e-03
2024-03-05T06:49:35.000 8.355485175562542963e+02 4.031752847924587400e+02  4042386.329582507722 +1.7485702859403318e-03
2024-03-05T06:49:45.000 5.821496701262517490e+02 2.688318000600194750e+02  4042378.363931694534 -8.5369107489441376e-04
2024-03-05T06:55:15.000 1.014605625820095042e+03 4.684168072988681502e+02  4042111.898584479932 -1.5820038004221715e-03
2024-03-05T06:55:25.000 1.263255335719378309e+03 5.610251185056295071e+02  4042103.781649170443 +1.8742716426913830e-03
2024-03-05T06:55:35.000 1.022165874317566704e+03 4.877538760209135944e+02  4042095.644535444211 -2.9338886920413643e-03
2024-03-05T06:55:45.000 1.116028466553884982e+03 4.968799197101190543e+02  4042087.505782020744 +1.4190679468129019e-03
2024-03-05T06:55:55.000 1.021007013790239171e+03 4.967509029462988792e+02  4042079.354319238570 +1.1586197597353021e-03
2024-03-05T06:56:05.000 1.165427781329564823e+03 5.519926632105692761e+02  4042071.193778690882 -3.4254159597821854e-03
2024-03-05T06:56:15.000 1.200454584505370576e+03 5.370660609144420050e+02  4042063.042843092233 +3.3257659737273570e-03
2024-03-05T06:56:25.000 1.058919562117618398e+03 4.707675814494386941e+02  4042054.880141383503 -1.7101588199466278e-03
2024-03-05T06:56:35.000 9.814026489181535453e+02 4.557276757386118788e+02  4042046.723760191351 +2.9596428930744878e-05
2024-03-05T06:56:45.000 1.210580743464213583e+03 5.136167408325544557e+02  4042038.561577038374 +8.0917676996250520e-05
2024-03-05T07:02:15.000 1.188850695471455765e+03 5.106224759242273876e+02  4041767.190143032931 -2.3467372393497499e-03
2024-03-05T07:02:25.000 1.115578973480824516e+03 5.130703884482559261e+02  4041758.917522950098 +2.6720799219219771e-03
2024-03-05T07:02:35.000 9.520540608376755927e+02 4.921882553712728736e+02  4041750.617247079965 +3.3956328218209819e-04
2024-03-05T07:02:45.000 1.035441767859819038e+03 5.179707090276650661e+02  4041742.314265245106 -9.3677891175047989e-04
2024-03-05T07:02:55.000 1.110737145784457880e+03 5.058120437693701206e+02  4041734.018905535806 -4.8545048571213556e-05
2024-03-05T07:03:05.000 1.054675077985104053e+03 4.927747335190779268e+02  4041725.727651597932 -2.7286548452138959e-03
2024-03-05T07:03:15.000 9.888078732622332154e+02 4.547648908502908967e+02  4041717.449399882928 +4.3864077210855612e-03
2024-03-05T07:03:25.000 7.887197433890027014e+02 4.001236978980089702e+02  4041709.151266424451 -7.5612616092257667e-04
2024-03-05T07:03:35.000 1.001713538487846108e+03 4.603245157172133304e+02  4041700.832990264520 -1.5413800292662927e-03
2024-03-05T07:03:45.000 9.410599584891513132e+02 4.592918916111452177e+02  4041692.470609039068 +6.6925611861279322e-04
2024-03-05T07:09:15.000 1.169770755434473358e+03 5.632557593047038154e+02  4041416.460164348129 -5.6017565566435223e-04
2024-03-05T07:09:25.000 1.256012720725929967e+03 5.671129985744643136e+02  4041408.026041063480 -2.8122175251610315e-04
2024-03-05T07:09:35.000 1.257248745578625403e+03 5.845908476150101478e+02  4041399.582182684913 +2.9529715193348238e-03
2024-03-05T07:09:45.000 1.261758759916726149e+03 5.766608804692791637e+02  4041391.131791840307 -4.0465692352427141e-03
2024-03-05T07:09:55.000 1.139757832516864710e+03 5.622131735461680364e+02  4041382.706569781061 +1.4408883583882925e-03
2024-03-05T07:10:05.000 1.409724615721926511e+03 6.219502716155900544e+02  4041374.288871855475 +6.9782182538347115e-04
2024-03-05T07:10:15.000 1.306046512357723259e+03 5.556847800365985677e+02  4041365.878686659038 +1.0441588278808922e-03
2024-03-05T07:10:25.000 1.072431479704729099e+03 5.162120055051526606e+02  4041357.453387347516 -3.9148478862216507e-03
2024-03-05T07:10:35.000 9.933849662438673249e+02 4.829982840530283852e+02  4041349.004353993107 +2.8302956280867875e-03
2024-03-05T07:10:45.000 1.149804558361536920e+03 5.579805934559396974e+02  4041340.474340961780 -4.4274183551351598e-04
2024-03-05T07:16:15.000 1.361036244640104087e+03 6.156446760543535675e+02  4041060.022338659968 +2.1002342419933484e-03
2024-03-05T07:16:25.000 1.257487296564762801e+03 5.335111245082865707e+02  4041051.471600221470 -2.3340982388617704e-03
2024-03-05T07:16:35.000 1.092191503644734667e+03 5.330914699019617728e+02  4041042.922531277873 -5.0902976965971902e-04
2024-03-05T07:16:45.000 1.230356697637685556e+03 5.207124108873091473e+02  4041034.367083724588 +7.0546360177559109e-04
2024-03-05T07:16:55.000 1.274727095171314659e+03 5.838976361707959768e+02  4041025.803452709224 +1.6094912473363365e-04
2024-03-05T07:17:05.000 1.194647117145276070e+03 5.998428118099889161e+02  4041017.236591315363 +2.2966929647054712e-03
2024-03-05T07:17:15.000 1.042684092980383639e+03 5.542665434766887529e+02  4041008.658193519805 -3.5259114324617258e-03
2024-03-05T07:17:25.000 1.175640693129256306e+03 5.861447692543699759e+02  4041000.089484213386 -8.8185258312023507e-04
2024-03-05T07:17:35.000 1.191582861954470445e+03 5.245167120144793671e+02  4040991.530182840768 +2.0326137131405630e-03
2024-03-05T07:17:45.000 1.080944257742751915e+03 5.307227792016226431e+02  4040982.985955153592 -7.9681207864723547e-04
