# Observation conducted on 2024.03.06 at Hh rev. 2
# Base frequency: 8432.00 MHz BW: 2 kHz dF: 0.2 Hz dT: 10.0 s Nscans: 1
# Format: UTC Time     |    Signal-to-Noise     |      Spectral max      | Freq detection [Hz] |   Doppler noise [Hz]  |
# 
2024-03-05T05:43:05.000 2.680361766697496023e+03 1.177808056381770712e+03  4042361.323504740838 +3.0538258272372332e-04
2024-03-05T05:43:15.000 2.812544024730726960e+03 1.122417777101683896e+03  4042353.708066184074 -9.9618215222108120e-04
2024-03-05T05:43:25.000 2.772537843769996471e+03 1.144682684135168756e+03  4042346.097616591956 +1.0394258137012002e-03
2024-03-05T05:43:35.000 2.913187964999674477e+03 1.199772223191908097e+03  4042338.483018483967 +1.4693897685447155e-04
2024-03-05T05:43:45.000 2.803333764855674872e+03 1.130895965455054693e+03  4042330.864743281156 -8.9332253799057071e-04
2024-03-05T05:43:55.000 2.673274781499851997e+03 1.132270354108152560e+03  4042323.244450963102 +1.1894025890342164e-03
2024-03-05T05:44:05.000 2.881326624370947684e+03 1.147063432688684543e+03  4042315.614005411044 -9.6315977339145320e-04
2024-03-05T05:44:15.000 2.941531110856471514e+03 1.142126946438180539e+03  4042307.980362426490 -5.8510640758413501e-04
2024-03-05T05:44:25.000 2.760834345403211046e+03 1.172443293499291485e+03  4042300.344917678740 +2.4267750123954102e-03
2024-03-05T05:44:35.000 2.458512548368435091e+03 1.158817625022585389e+03  4042292.699831796810 -2.2967097810351333e-03
2024-03-05T05:44:45.000 2.575517199510907631e+03 1.143214800862700031e+03  4042285.064275879879 +5.1353312596802425e-04
2024-03-05T05:50:15.000 2.815110446808329016e+03 1.068546217849759387e+03  4042030.687900185585 -4.6272085228338256e-04
2024-03-05T05:50:25.000 2.707192442649042732e+03 1.051472243349085602e+03  4042022.921841549687 +5.7186700769307208e-04
2024-03-05T05:50:35.000 2.533638027703468651e+03 1.070655157834238707e+03  4042015.152876904700 -5.7598560829319467e-05
2024-03-05T05:50:45.000 2.431730534037993948e+03 1.113068659053066312e+03  4042007.379921101965 -3.4923068733405671e-04
2024-03-05T05:50:55.000 2.857018034853882455e+03 1.107993652571231451e+03  4041999.602229607292 +6.1363630481992004e-04
2024-03-05T05:51:05.000 2.421947007955658137e+03 1.065327695209492049e+03  4041991.813949166797 -2.4764672059518489e-03
2024-03-05T05:51:15.000 2.740187638400148444e+03 1.018977921920558060e+03  4041984.027639646549 +2.6811128590225053e-03
2024-03-05T05:51:25.000 2.834814667582332277e+03 1.142262587902767336e+03  4041976.226325021591 -1.6434427635658722e-03
2024-03-05T05:51:35.000 2.366036127482840129e+03 1.013287545227732721e+03  4041968.427094187587 +7.0080761645385792e-04
2024-03-05T05:51:45.000 2.522101800432766595e+03 1.089888844084152424e+03  4041960.620985849295 -5.9126911423845741e-05
2024-03-05T05:57:15.000 2.427663258194188529e+03 1.058218654988464777e+03  4041701.182259545662 -1.4483825848401466e-03
2024-03-05T05:57:25.000 2.361117693090140165e+03 1.059657019308029021e+03  4041693.272680357099 +2.0841050596800414e-03
2024-03-05T05:57:35.000 2.295712910576335162e+03 1.045397966188598957e+03  4041685.338574253954 -1.0334447142668068e-03
2024-03-05T05:57:45.000 2.452430285304968947e+03 1.126195564901191574e+03  4041677.401745317038 +2.4937911280176195e-04
2024-03-05T05:57:55.000 2.405269487304542508e+03 1.141342388366051637e+03  4041669.462168531027 -2.7872281702912005e-04
2024-03-05T05:58:05.000 2.276136250013777953e+03 9.808873205652754450e+02  4041661.523943779059 -9.2792252905837813e-04
2024-03-05T05:58:15.000 2.417170145033727295e+03 1.091400646416396739e+03  4041653.589750791434 +1.5565357803097868e-03
2024-03-05T05:58:25.000 2.608899413233357336e+03 1.107827878015278429e+03  4041645.649141438771 -5.0452156347091659e-04
2024-03-05T05:58:35.000 2.407926136857206529e+03 1.030709058820641303e+03  4041637.704844025429 -2.1106056829012232e-04
2024-03-05T05:58:45.000 2.340479433041793982e+03 1.086511008741158548e+03  4041629.749773274641 +1.3500025647772418e-04
2024-03-05T06:04:15.000 2.219173505162525998e+03 1.034631744958649506e+03  4041365.479365846608 +1.2575535822634265e-03
2024-03-05T06:04:25.000 2.369881978454572618e+03 1.039459565123730954e+03  4041357.417735288385 -1.4574666201951914e-03
2024-03-05T06:04:35.000 2.597261028779037133e+03 1.099181554242459470e+03  4041349.341854220256 +6.7825192786585831e-04
2024-03-05T06:04:45.000 2.245062440275075460e+03 1.019377369506663626e+03  4041341.257967283484 -1.0505778710694358e-03
2024-03-05T06:04:55.000 2.134034141919786634e+03 1.081394752950373231e+03  4041333.182526630349 +2.3094914654393506e-03
2024-03-05T06:05:05.000 2.630843004107371598e+03 1.041953614837407940e+03  4041325.104657047894 -1.4441896295238621e-03
2024-03-05T06:05:15.000 2.522411609155934002e+03 1.070136135109808720e+03  4041317.034324422013 +1.2081321319783456e-03
2024-03-05T06:05:25.000 2.372243078106511348e+03 1.026790977465464039e+03  4041308.952728240751 -1.3888391015370871e-03
2024-03-05T06:05:35.000 2.479486873305731478e+03 1.081353755396334918e+03  4041300.860503610224 +8.4660756658649916e-04
2024-03-05T06:05:45.000 2.509342817343396291e+03 1.017310254527400048e+03  4041292.739070136566 -2.0789020720712870e-04
2024-03-05T06:11:15.000 2.546167654231589040e+03 1.037927573799696347e+03  4041023.956040789839 +5.0072518092747487e-05
2024-03-05T06:11:25.000 2.483088317345619998e+03 1.045620305734703379e+03  4041015.755338708870 -3.6432541355679859e-04
2024-03-05T06:11:35.000 2.718713719599485557e+03 1.051861020324761284e+03  4041007.545590728987 +1.3733231712649285e-03
2024-03-05T06:11:45.000 2.530832340558536998e+03 1.077894317418533774e+03  4040999.326370377094 -3.0615364305504045e-03
2024-03-05T06:11:55.000 2.519602088356078184e+03 9.819082127143625485e+02  4040991.118622450624 +2.5307810353751847e-03
2024-03-05T06:12:05.000 2.527415349933209200e+03 9.875625346549703636e+02  4040982.905296958052 -4.5260359001986217e-04
2024-03-05T06:12:15.000 2.287283789776161484e+03 1.016830128579092730e+03  4040974.696543734521 -1.8326539691315702e-04
2024-03-05T06:12:25.000 1.912526876905953941e+03 9.888145826094868198e+02  4040966.483118851669 -9.5581680079703801e-04
2024-03-05T06:12:35.000 2.504695891344808388e+03 1.033964733681706093e+03  4040958.260139582213 +6.0631479391304310e-04
2024-03-05T06:12:45.000 2.527298702833787956e+03 9.839631369332379336e+02  4040950.011331025977 -1.6323894510605896e-04
2024-03-05T06:18:15.000 2.457927175152616655e+03 1.057853723639717145e+03  4040676.893449580763 +3.8729291759409534e-05
2024-03-05T06:18:25.000 2.447540289917268638e+03 1.044169310904289887e+03  4040668.574241780210 -3.7570240999684756e-04
2024-03-05T06:18:35.000 2.539031980466163986e+03 1.051341074322219811e+03  4040660.250385837629 +8.3441804099493311e-04
2024-03-05T06:18:45.000 2.637636776547645240e+03 1.050173258164668596e+03  4040651.918396922294 -6.0661161921871098e-04
2024-03-05T06:18:55.000 2.313614735109181765e+03 1.002683248920415735e+03  4040643.583848136012 -5.1975748237964581e-04
2024-03-05T06:19:05.000 2.421563349557892252e+03 9.829170172986879379e+02  4040635.248094295617 +1.2399956164017567e-03
2024-03-05T06:19:15.000 2.349004034211397538e+03 1.052218000321051932e+03  4040626.905922029167 -7.7879657885659981e-04
2024-03-05T06:19:25.000 2.601363049977880110e+03 1.054443420962396431e+03  4040618.562379711773 -6.6382204977344372e-06
2024-03-05T06:19:35.000 2.393498200581173933e+03 1.005066037696398325e+03  4040610.210004884750 +1.6178458577087440e-04
2024-03-05T06:19:45.000 2.258718340095824715e+03 1.013131528341792432e+03  4040601.841619549319 -4.9636242806627706e-05
2024-03-05T06:25:15.000 2.522754268751981272e+03 1.079731205163540153e+03  4040324.718628256582 -7.4429124254038470e-04
2024-03-05T06:25:25.000 2.542982522187222457e+03 9.780304495581998481e+02  4040316.281477130484 +1.4171534435263311e-03
2024-03-05T06:25:35.000 2.004720605423074176e+03 9.670497456789759099e+02  4040307.834487617016 -1.3534557004959424e-03
2024-03-05T06:25:45.000 2.457882610343869146e+03 1.038036892043759963e+03  4040299.386408839840 -5.9926457936398947e-04
2024-03-05T06:25:55.000 2.161979350136655285e+03 9.343767988349130746e+02  4040290.934238604736 +5.6109591491804167e-04
2024-03-05T06:26:05.000 2.236035525174667782e+03 1.050061378343126989e+03  4040282.477274785284 +1.2208356680503130e-03
2024-03-05T06:26:15.000 2.496463287498039790e+03 1.030080387785782705e+03  4040274.013653890695 -1.0404962702068588e-03
2024-03-05T06:26:25.000 1.993263063244211253e+03 1.008721288332537029e+03  4040265.550850599073 +7.8457731888192939e-05
2024-03-05T06:26:35.000 2.558798867858008634e+03 1.032613804356532000e+03  4040257.086615895852 +2.7493752349982969e-04
2024-03-05T06:26:45.000 2.202048373415406331e+03 9.838165568064695208e+02  4040248.624477978796 -1.2109465001231001e-04
2024-03-05T06:32:15.000 2.456994091626822865e+03 1.037317746715360045e+03  4039967.751704989001 +7.5332185588194989e-05
2024-03-05T06:32:25.000 2.079583727501860722e+03 8.982652595982422099e+02  4039959.187970940955 +8.0325726150931587e-04
2024-03-05T06:32:35.000 2.231226997849631061e+03 9.063817113464205022e+02  4039950.629860766698 -1.4426403037077762e-03
2024-03-05T06:32:45.000 2.295179565964509038e+03 9.803855894383527811e+02  4039942.078626668546 +6.5374497830816836e-04
2024-03-05T06:32:55.000 2.704014432417537137e+03 9.907678629096689065e+02  4039933.522825127468 -1.5377788338355458e-04
2024-03-05T06:33:05.000 2.289957202341456650e+03 9.573533411339642498e+02  4039924.964521604124 +1.0156720460372526e-03
2024-03-05T06:33:15.000 2.423801894211041144e+03 1.001802742207475490e+03  4039916.397143017035 -4.9281132066880673e-04
2024-03-05T06:33:25.000 2.248917173006928351e+03 9.712138068837292622e+02  4039907.822879809886 -9.8319031405935675e-04
2024-03-05T06:33:35.000 2.320912926845192942e+03 9.458060765055075763e+02  4039899.241623662412 +1.0138920747522207e-03
2024-03-05T06:33:45.000 2.035624420545849034e+03 8.667975027177725451e+02  4039890.645378274377 -3.6343889883028169e-04
2024-03-05T06:39:15.000 2.129498271259729790e+03 1.039836514600705641e+03  4039606.333331837319 -1.3226030579289727e-03
2024-03-05T06:39:25.000 2.654795010616651325e+03 1.036815464247826640e+03  4039597.684696796816 +8.3027978621430520e-04
2024-03-05T06:39:35.000 2.225942407466588065e+03 9.414011870517083480e+02  4039589.024997533299 -5.2361483540153131e-06
2024-03-05T06:39:45.000 2.453763529154392927e+03 1.029448219085255005e+03  4039580.360757932998 -5.3407496352519956e-05
2024-03-05T06:39:55.000 2.539270743244355799e+03 9.953285982126966474e+02  4039571.693894670345 -1.0732164969340374e-04
2024-03-05T06:40:05.000 2.418493045363415149e+03 9.799673894049481078e+02  4039563.026128633413 -6.8981665890532895e-04
2024-03-05T06:40:15.000 2.379885745177296485e+03 1.058445362414488045e+03  4039554.360820157919 +2.0939874411851633e-04
2024-03-05T06:40:25.000 2.589271866960893476e+03 1.002481956152430939e+03  4039545.696602653712 +1.1950203535207038e-03
2024-03-05T06:40:35.000 2.259238032157979887e+03 9.758380081248478746e+02  4039537.027957291808 -1.5315155491180121e-03
2024-03-05T06:40:45.000 2.381472390718995484e+03 1.032047691004370790e+03  4039528.359332473949 +3.7508506147787557e-04
2024-03-05T06:48:15.000 2.174487176580881169e+03 1.003089529488319386e+03  4039135.720565066673 -6.5358026665762736e-04
2024-03-05T06:48:25.000 2.279494641801135003e+03 9.728833916069684165e+02  4039126.955656907987 -5.5639156300912873e-04
2024-03-05T06:48:35.000 2.132614768971716785e+03 9.686820385232916806e+02  4039118.179933939595 +1.6970911005955713e-03
2024-03-05T06:48:45.000 2.490110382620285691e+03 9.797900687131578934e+02  4039109.395665064454 +7.7016221666781348e-04
2024-03-05T06:48:55.000 2.132967758189148299e+03 9.759391468359244755e+02  4039100.608635927085 -2.5222000108442444e-03
2024-03-05T06:49:05.000 2.365327762298149992e+03 1.014272384655841165e+03  4039091.828843944706 -4.7540482410113327e-04
2024-03-05T06:49:15.000 2.356728421415382400e+03 1.007630315560170743e+03  4039083.049683250021 +7.3259339501419163e-04
2024-03-05T06:49:25.000 2.403144316139762850e+03 1.029356879128603623e+03  4039074.268686928786 +1.8264339752249725e-03
2024-03-05T06:49:35.000 2.602381165771495944e+03 1.010585138948006147e+03  4039065.475308727007 -1.7420445252582795e-03
2024-03-05T06:49:45.000 2.503937108014199111e+03 9.990200061144582833e+02  4039056.671203666832 +5.2971142042679276e-04
2024-03-05T06:55:15.000 2.162449538741261222e+03 9.920323194295095846e+02  4038765.540478836745 +5.0618705199667602e-04
2024-03-05T06:55:25.000 2.235830873477028490e+03 1.011626392928402652e+03  4038756.698336807080 -6.4352063441219798e-04
2024-03-05T06:55:35.000 2.205284468228790956e+03 9.520484041122501822e+02  4038747.837737573311 +5.9045176431027357e-04
2024-03-05T06:55:45.000 2.656753734629933660e+03 9.971265095565705678e+02  4038738.967933092732 -2.5684618321974995e-04
2024-03-05T06:55:55.000 2.267433486660165272e+03 1.002404201452511529e+03  4038730.098932478577 -9.6166268588149251e-04
2024-03-05T06:56:05.000 2.462455616863968771e+03 9.568859398918449415e+02  4038721.237412555609 +2.2811459683680368e-03
2024-03-05T06:56:15.000 2.378650139827441762e+03 1.061979894230030823e+03  4038712.370863130782 -2.0144785838738244e-03
2024-03-05T06:56:25.000 2.316017315693383352e+03 9.683102226291401848e+02  4038703.509495967533 +2.6530787692990998e-04
2024-03-05T06:56:35.000 2.148556685274003939e+03 9.535920635326706361e+02  4038694.638947310392 +5.1891385737690143e-04
2024-03-05T06:56:45.000 2.416019545792511963e+03 1.009906385661141258e+03  4038685.753716309555 -1.5013132917829353e-04
2024-03-05T07:02:15.000 2.150917317773760715e+03 9.303158029612715154e+02  4038392.093925154768 -1.3799751324086174e-03
2024-03-05T07:02:25.000 2.199210519449657568e+03 9.642791939212821717e+02  4038383.163573523983 +9.9562233913275122e-04
2024-03-05T07:02:35.000 2.326596859820047030e+03 9.741840154654812522e+02  4038374.236876286566 +1.1649691654156413e-03
2024-03-05T07:02:45.000 2.386214399538305315e+03 9.702657164596747634e+02  4038365.307541499846 -1.6544775893407859e-03
2024-03-05T07:02:55.000 2.166324685506147944e+03 9.726122945174527104e+02  4038356.379634433892 +5.6064800560307049e-05
2024-03-05T07:03:05.000 2.350496332707662532e+03 9.754665300967819803e+02  4038347.446050918661 +8.0839252746045531e-04
2024-03-05T07:03:15.000 2.180591810758598513e+03 9.351421282848649525e+02  4038338.505234158132 -9.5753406117182749e-04
2024-03-05T07:03:25.000 2.144031573215104800e+03 9.732970867313011922e+02  4038329.565184328239 +1.3543485520131071e-03
2024-03-05T07:03:35.000 2.425643752159898213e+03 9.318341565595280827e+02  4038320.619919277728 -8.2475514568614017e-04
2024-03-05T07:03:45.000 2.287555562222653407e+03 9.756602849710317287e+02  4038311.680736229755 +2.5154259174087201e-04
2024-03-05T07:09:15.000 2.192625990397670193e+03 9.646125698202790772e+02  4038015.760642660782 +3.6454961882554926e-03
2024-03-05T07:09:25.000 1.868758480147454975e+03 8.985381687439806910e+02  4038006.782257589977 -3.8470476956717903e-03
2024-03-05T07:09:35.000 2.124712372631165181e+03 9.458968034721565346e+02  4037997.784662160091 -2.2324941152191968e-03
2024-03-05T07:09:45.000 1.937114042231429721e+03 9.179178279533815612e+02  4037988.783062211704 +2.0293558682169532e-03
2024-03-05T07:09:55.000 2.162973391968287615e+03 9.694112071078478721e+02  4037979.781998671126 +2.5510352187438912e-03
2024-03-05T07:10:05.000 2.172814327747552397e+03 9.423318957635277684e+02  4037970.783886856865 -8.6343552322887263e-04
2024-03-05T07:10:15.000 2.155686623198513189e+03 9.676338599458138106e+02  4037961.793120887596 -5.3430139223564765e-04
2024-03-05T07:10:25.000 2.475244558573612721e+03 9.454584045385274749e+02  4037952.797392008826 -2.0078986880207594e-03
2024-03-05T07:10:35.000 2.074135473963574896e+03 9.234329167290511577e+02  4037943.797640006524 +3.4746024133482933e-03
2024-03-05T07:10:45.000 2.007414435596250541e+03 8.840714885913632770e+02  4037934.770383424126 -1.1127430581154840e-03
2024-03-05T07:16:15.000 1.892888509787111843e+03 9.293263165125082423e+02  4037637.013910354115 -7.6995896279186127e-04
2024-03-05T07:16:25.000 2.115655919669155537e+03 9.781141146090901657e+02  4037627.953267191537 +1.9634153787819741e-03
2024-03-05T07:16:35.000 2.147506046421639894e+03 9.507005724662858483e+02  4037618.894230822567 -9.5002545276656747e-04
2024-03-05T07:16:45.000 2.396191832559046816e+03 9.763002533254473292e+02  4037609.845425785519 -2.6156991051493605e-03
2024-03-05T07:16:55.000 2.546998187448788940e+03 9.556281247839788193e+02  4037600.810384518933 +2.8652633939145744e-03
2024-03-05T07:17:05.000 2.332007215258384804e+03 9.659999213560265616e+02  4037591.768936195876 +4.2135424746447825e-04
2024-03-05T07:17:15.000 2.120431530726073106e+03 9.767892613227720631e+02  4037582.722165594343 -2.3939352654451795e-03
2024-03-05T07:17:25.000 2.213912460564180492e+03 9.885802564209632237e+02  4037573.669141153805 -3.7551523860201996e-05
2024-03-05T07:17:35.000 2.181067832443979569e+03 1.004981520862428056e+03  4037564.598329805769 +1.0744522425056857e-03
2024-03-05T07:17:45.000 1.770244098415678309e+03 8.582226513983897576e+02  4037555.505836488679 -5.5705988074805646e-04
