# Observation conducted on 2024.03.06 at Ef rev. 2
# Base frequency: 8432.00 MHz BW: 2 kHz dF: 0.2 Hz dT: 10.0 s Nscans: 1
# Format: UTC Time     |    Signal-to-Noise     |      Spectral max      | Freq detection [Hz] |   Doppler noise [Hz]  |
# 
2024-03-05T05:43:05.000 4.961871533528503278e+03 1.852354045768403466e+03  4045815.116328046191 -1.0400124006082478e-04
2024-03-05T05:43:15.000 4.005142861500540221e+03 1.593343849295751170e+03  4045809.669872214086 +5.7939546445595624e-04
2024-03-05T05:43:25.000 4.700206764713720077e+03 1.707892041175222175e+03  4045804.208554698620 -5.6553089234512299e-04
2024-03-05T05:43:35.000 4.065376371852536977e+03 1.650770442759914431e+03  4045798.742057931144 +7.6321243022903218e-04
2024-03-05T05:43:45.000 3.919300691515347353e+03 1.603794402640679664e+03  4045793.268412488978 -9.5414483996592026e-04
2024-03-05T05:43:55.000 4.975719354686586485e+03 1.755947994778607381e+03  4045787.794948994182 -1.2498131707161519e-04
2024-03-05T05:44:05.000 4.305421820544989714e+03 1.552021742721625969e+03  4045782.320252315141 +1.8921789928754151e-03
2024-03-05T05:44:15.000 4.386484166482953697e+03 1.553581742955712343e+03  4045776.835756331217 -1.6353145892935572e-03
2024-03-05T05:44:25.000 3.794267888570304876e+03 1.651697015223064909e+03  4045771.348600055557 +2.4141451376635814e-05
2024-03-05T05:44:35.000 4.081232513826378636e+03 1.603328086690284181e+03  4045765.847206553444 +6.2758086119174550e-04
2024-03-05T05:44:45.000 3.891752778894634048e+03 1.518679544994175785e+03  4045760.324112286791 -2.3092858202744537e-04
2024-03-05T05:50:15.000 3.328831636488871936e+03 1.490599812394201990e+03  4045575.568225996103 -8.8462415169487940e-04
2024-03-05T05:50:25.000 4.063609940433745578e+03 1.651518332588898602e+03  4045569.877322829794 -1.6930950630467123e-04
2024-03-05T05:50:35.000 4.116410417591751866e+03 1.584806908614808208e+03  4045564.182421437930 +1.1485448910661944e-03
2024-03-05T05:50:45.000 4.183106453071511169e+03 1.553179894343475780e+03  4045558.478465563618 -3.5924749454352423e-05
2024-03-05T05:50:55.000 4.421438959558349779e+03 1.511199698595186419e+03  4045552.767796346918 -4.9399124998217303e-04
2024-03-05T05:51:05.000 4.555373356931742819e+03 1.495272474669454368e+03  4045547.049527552910 -1.1061271133030459e-03
2024-03-05T05:51:15.000 3.543955527583808816e+03 1.491599396674386298e+03  4045541.328241089359 +2.0154914043359895e-03
2024-03-05T05:51:25.000 3.806711464449428604e+03 1.516443781907511720e+03  4045535.597129971720 +8.5192866447414417e-04
2024-03-05T05:51:35.000 3.776671715442830646e+03 1.487566445805685589e+03  4045529.860800878610 -1.5379768869934196e-03
2024-03-05T05:51:45.000 4.272830569455367367e+03 1.456509862643736142e+03  4045524.126476602629 +3.6681959375073347e-04
2024-03-05T05:57:15.000 4.342579209573014850e+03 1.542121451385248292e+03  4045331.660193440970 -1.4164343527909296e-03
2024-03-05T05:57:25.000 3.778200238287504362e+03 1.493522101560622104e+03  4045325.729142881464 +1.8098669097525999e-03
2024-03-05T05:57:35.000 4.152501539603214951e+03 1.561864558101636931e+03  4045319.794007852674 -7.7271069039852591e-04
2024-03-05T05:57:45.000 3.861904287301258137e+03 1.621057106198522888e+03  4045313.863887672778 +2.3143928971194327e-03
2024-03-05T05:57:55.000 4.142845251212033872e+03 1.502080820438520050e+03  4045307.923148195259 -1.6158956490244236e-03
2024-03-05T05:58:05.000 4.152721354397771393e+03 1.487875323234413372e+03  4045301.979427036364 -2.2230897028521213e-03
2024-03-05T05:58:15.000 4.092069960675413313e+03 1.463851408745856588e+03  4045296.033098153770 +2.5134051059012563e-03
2024-03-05T05:58:25.000 3.823345663871824399e+03 1.524538683852137865e+03  4045290.073211073875 +1.4214793734481646e-03
2024-03-05T05:58:35.000 3.809300670540777446e+03 1.531640430616848334e+03  4045284.105682707392 -2.4838927014343426e-03
2024-03-05T05:58:45.000 4.189715279249839114e+03 1.537776777932547702e+03  4045278.146732259076 +6.2221758969371876e-04
2024-03-05T06:04:15.000 3.408348068913484894e+03 1.655613597261103905e+03  4045078.191342791542 +1.5797569574260706e-03
2024-03-05T06:04:25.000 4.004953580115858131e+03 1.569343845740591632e+03  4045072.031743458007 -1.4327857710441094e-03
2024-03-05T06:04:35.000 3.656783150113860302e+03 1.568807737459791042e+03  4045065.874319576193 +5.8659352316681179e-04
2024-03-05T06:04:45.000 3.654352217879750697e+03 1.467731530578202637e+03  4045059.713271163404 -1.7685178931969858e-04
2024-03-05T06:04:55.000 4.425932400737195167e+03 1.512292478282320872e+03  4045053.552027035970 +4.0162092011541972e-04
2024-03-05T06:05:05.000 3.746265409102701142e+03 1.514759374706904737e+03  4045047.386115680914 +3.1361508115423931e-04
2024-03-05T06:05:15.000 3.957022464423180736e+03 1.472609972902346271e+03  4045041.211766040418 -9.2513495860657713e-04
2024-03-05T06:05:25.000 3.716832402793163055e+03 1.603184230845597767e+03  4045035.029362151399 +2.3637534627596324e-04
2024-03-05T06:05:35.000 3.603780651871371902e+03 1.502428129201444563e+03  4045028.833379246760 +3.7701136238865729e-04
2024-03-05T06:05:45.000 3.352543523775044378e+03 1.463764643526163809e+03  4045022.624036547728 -1.8721320520853624e-04
2024-03-05T06:11:15.000 3.565040635398665017e+03 1.393431321002965888e+03  4044815.399509911425 -1.5931339938788369e-03
2024-03-05T06:11:25.000 3.822174720137275472e+03 1.422963172822595197e+03  4044809.029030068778 +1.5080292397442463e-03
2024-03-05T06:11:35.000 3.519750409055892760e+03 1.432312445544428556e+03  4044802.654153686948 +7.2550654624592426e-04
2024-03-05T06:11:45.000 3.193148174009431386e+03 1.446470265125150490e+03  4044796.274118558969 -2.4227031318559966e-03
2024-03-05T06:11:55.000 2.785982047912828875e+03 1.415169841667013316e+03  4044789.894437195268 -5.2460652705121902e-04
2024-03-05T06:12:05.000 3.441765361469498657e+03 1.402828736309191072e+03  4044783.508705423214 +1.5064232439954139e-03
2024-03-05T06:12:15.000 3.453559768967016680e+03 1.479590260320323978e+03  4044777.112690499518 +4.9179981306224363e-04
2024-03-05T06:12:25.000 3.734620159886601868e+03 1.527199089364337851e+03  4044770.708018041216 -1.3533039417552573e-03
2024-03-05T06:12:35.000 3.315951628137932403e+03 1.438032292388837277e+03  4044764.299489958677 +8.7002031045813055e-04
2024-03-05T06:12:45.000 3.564606792147716988e+03 1.400814539948328502e+03  4044757.880250744056 -1.1725664069217601e-04
2024-03-05T06:18:15.000 3.668347301082680133e+03 1.387692130878734361e+03  4044543.578506781720 +6.9583019580932159e-04
2024-03-05T06:18:25.000 3.156928451834286989e+03 1.377410940867804584e+03  4044536.994997179136 -1.1942809503580065e-03
2024-03-05T06:18:35.000 3.208656462684856251e+03 1.266952448376892335e+03  4044530.408012235072 +2.4922890725065372e-04
2024-03-05T06:18:45.000 3.397658596546313220e+03 1.282968847555597449e+03  4044523.815077492967 -1.1477013242711109e-04
2024-03-05T06:18:55.000 2.942307078985357748e+03 1.274165943699321588e+03  4044517.222488466650 +2.1139494235740131e-03
2024-03-05T06:19:05.000 3.319143620495349296e+03 1.344420095772095692e+03  4044510.621521033812 -2.4348533578404385e-03
2024-03-05T06:19:15.000 3.354053399083498789e+03 1.390050430665913836e+03  4044504.026275658049 +1.4201168199861058e-03
2024-03-05T06:19:25.000 3.244986848595540323e+03 1.320887526524346185e+03  4044497.419342105277 -4.4581236772955890e-04
2024-03-05T06:19:35.000 2.954637098517016057e+03 1.337776742446100343e+03  4044490.802912225947 +1.2728278238682833e-04
2024-03-05T06:19:45.000 3.860934667905233255e+03 1.391973341357473373e+03  4044484.164699898101 -1.8352019083067717e-05
2024-03-05T06:25:15.000 3.904065867894038092e+03 1.472040498022251541e+03  4044262.979130206630 +1.6660081405461824e-04
2024-03-05T06:25:25.000 3.273770143852385900e+03 1.344655337835649789e+03  4044256.201578871813 +9.5342601946413197e-04
2024-03-05T06:25:35.000 3.775021620480626552e+03 1.430392612331595956e+03  4044249.411723950412 -1.6044845045826150e-03
2024-03-05T06:25:45.000 3.800514367994827353e+03 1.432746105574163721e+03  4044242.617954816669 +2.6379584073765727e-04
2024-03-05T06:25:55.000 3.512512111996290059e+03 1.441083688887359585e+03  4044235.815889373422 +1.1142249354634259e-03
2024-03-05T06:26:05.000 3.812258033243451791e+03 1.382641614961422647e+03  4044229.006954234093 +8.9407434802524222e-04
2024-03-05T06:26:15.000 3.324615561119645918e+03 1.370217118783446949e+03  4044222.190043229610 -3.3734550931967533e-03
2024-03-05T06:26:25.000 3.232843420729938771e+03 1.424182055699401872e+03  4044215.381186721846 +2.1061784366338543e-03
2024-03-05T06:26:35.000 3.415898609574405782e+03 1.365435404000226754e+03  4044208.565413957462 -2.1267827310111898e-04
2024-03-05T06:26:45.000 3.450090458522002336e+03 1.362423230155862711e+03  4044201.755866686814 -7.6156074442224053e-05
2024-03-05T06:32:15.000 2.883085763929213044e+03 1.228208609921022344e+03  4043973.921202799771 -6.7761407024136133e-04
2024-03-05T06:32:25.000 3.183980102358686509e+03 1.216270267052594363e+03  4043966.933526515029 +1.3573799783443974e-03
2024-03-05T06:32:35.000 3.345897274352862496e+03 1.210515901842069525e+03  4043959.941128723323 -7.9299298477053526e-04
2024-03-05T06:32:45.000 3.181956343129743800e+03 1.308562351510196322e+03  4043952.949273312464 -1.0256346846517772e-03
2024-03-05T06:32:55.000 3.338019619323190909e+03 1.310208240904915328e+03  4043945.957039302215 +1.0865648391700233e-03
2024-03-05T06:33:05.000 2.773252849012071692e+03 1.268723796029103596e+03  4043938.958056884818 +7.7434392710529210e-04
2024-03-05T06:33:15.000 2.853509207223559770e+03 1.232830301801945097e+03  4043931.951754457317 -9.3731819390541204e-04
2024-03-05T06:33:25.000 3.397843147242402665e+03 1.266388449093747340e+03  4043924.940358184744 -4.8606130189909891e-04
2024-03-05T06:33:35.000 3.036895334224206636e+03 1.272277861897121966e+03  4043917.921772361267 +8.5179374127619667e-04
2024-03-05T06:33:45.000 2.924181327661362502e+03 1.253097978726728570e+03  4043910.892613661941 -2.6092203165717365e-04
2024-03-05T06:39:15.000 3.108180536044686050e+03 1.281426952230415964e+03  4043676.665274394676 +1.7512216618342791e-04
2024-03-05T06:39:25.000 3.046429841491854859e+03 1.322850827960211063e+03  4043669.502022531349 +9.8141903140458453e-04
2024-03-05T06:39:35.000 2.882721162341749277e+03 1.295746774657141714e+03  4043662.324865484610 -2.6832343164642225e-03
2024-03-05T06:39:45.000 2.857083889755821474e+03 1.227678643308503069e+03  4043655.145967072342 +1.2033998439164861e-03
2024-03-05T06:39:55.000 3.108994146164271115e+03 1.243226428920332410e+03  4043647.954985095188 +1.1290070103768812e-03
2024-03-05T06:40:05.000 3.157227972643896010e+03 1.248460374425500504e+03  4043640.756681470200 -1.5489074189645180e-04
2024-03-05T06:40:15.000 3.090890381652037377e+03 1.234749340573456038e+03  4043633.554641637951 -1.7252685828452741e-03
2024-03-05T06:40:25.000 3.179966193259723696e+03 1.357701986057666318e+03  4043626.356816823129 +1.2429172737711269e-03
2024-03-05T06:40:35.000 3.209349943443659868e+03 1.331083904130187193e+03  4043619.157653131988 -2.0591523104940279e-04
2024-03-05T06:40:45.000 3.025662559437756499e+03 1.230656688874151769e+03  4043611.966672034469 -3.9233812458405737e-05
2024-03-05T06:48:15.000 3.517795479207726657e+03 1.343580287475851037e+03  4043282.959260808770 +4.5261594618750678e-04
2024-03-05T06:48:25.000 3.995175856115100487e+03 1.332263026089672621e+03  4043275.551423422992 -9.5356485655884171e-04
2024-03-05T06:48:35.000 3.090637761292366122e+03 1.373142368082225403e+03  4043268.141293094493 +1.7219419802358971e-03
2024-03-05T06:48:45.000 3.467437017307821407e+03 1.404598088235519981e+03  4043260.720488067251 +5.0700576252893370e-05
2024-03-05T06:48:55.000 3.387398586343588249e+03 1.395050771154590620e+03  4043253.294550812338 -1.3774599279940958e-03
2024-03-05T06:49:05.000 3.738801532912596485e+03 1.404636475416348276e+03  4043245.867928511463 +6.7505103629628138e-04
2024-03-05T06:49:15.000 3.093953234258192424e+03 1.349719937360732047e+03  4043238.435561248567 +3.3078486899285053e-04
2024-03-05T06:49:25.000 3.067817040659504528e+03 1.330930288344818791e+03  4043230.999130393378 -5.0535696857423318e-04
2024-03-05T06:49:35.000 2.999013211023779604e+03 1.225874914546318905e+03  4043223.558695567306 +1.3985735643018415e-04
2024-03-05T06:49:45.000 3.640998681259158730e+03 1.344197860131291236e+03  4043216.107737663668 +1.5359091776190326e-08
2024-03-05T06:55:15.000 2.881765720034416972e+03 1.197139312645145310e+03  4042968.164403174538 +1.2592761137284469e-03
2024-03-05T06:55:25.000 3.000202241250002771e+03 1.256447722747830767e+03  4042960.567592296749 -1.9229739247066391e-03
2024-03-05T06:55:35.000 2.865145342516321762e+03 1.150191358704361392e+03  4042952.978619701695 +9.1526482424342248e-04
2024-03-05T06:55:45.000 2.624081093068701193e+03 1.209211645011233259e+03  4042945.387909589335 +1.1342399022851168e-03
2024-03-05T06:55:55.000 2.830215687918126150e+03 1.142132413630763267e+03  4042937.794253819156 -7.0279255885452585e-04
2024-03-05T06:56:05.000 2.704938340401362439e+03 1.074911721213707551e+03  4042930.199720398523 -2.5489214351637202e-04
2024-03-05T06:56:15.000 3.091081500502114977e+03 1.129999629581221598e+03  4042922.598982472438 -4.0826603662935668e-04
2024-03-05T06:56:25.000 2.965294160517030377e+03 1.211917224791853641e+03  4042914.992086407728 +1.1579973195239290e-03
2024-03-05T06:56:35.000 3.026884691605831449e+03 1.173929981607808031e+03  4042907.372112517711 -7.0116050358137727e-04
2024-03-05T06:56:45.000 2.642511161622520831e+03 1.391422859103623523e+03  4042899.744298446923 +1.9279420985185425e-04
2024-03-05T07:02:15.000 3.423297498583836841e+03 1.350051562081493103e+03  4042646.179973775521 -8.8506918052644323e-04
2024-03-05T07:02:25.000 3.279072458308118712e+03 1.260377837517044327e+03  4042638.432439504191 -4.8767540170047141e-04
2024-03-05T07:02:35.000 3.206301807359426675e+03 1.284468215812645667e+03  4042630.685280105099 +2.9107454697623325e-03
2024-03-05T07:02:45.000 3.332504117868042158e+03 1.292568351986669313e+03  4042622.926406558137 -1.1527651830647301e-03
2024-03-05T07:02:55.000 3.053947177655830728e+03 1.315156401592289740e+03  4042615.165589140728 -1.3007876416395447e-03
2024-03-05T07:03:05.000 3.606287274884010913e+03 1.335449325734156218e+03  4042607.398926376365 -3.7991061753928079e-04
2024-03-05T07:03:15.000 3.405364532418534964e+03 1.306800473450677828e+03  4042599.625649310183 +8.1021012329074438e-04
2024-03-05T07:03:25.000 3.699082006310614815e+03 1.365228371891287452e+03  4042591.846389111597 +1.2511151709304613e-03
2024-03-05T07:03:35.000 3.247502311481900506e+03 1.364168011792662355e+03  4042584.061967147514 -2.0377172792223064e-03
2024-03-05T07:03:45.000 3.747550359979394216e+03 1.432136278646846677e+03  4042576.288376883138 +4.4969252667215187e-04
2024-03-05T07:09:15.000 2.695304656673340105e+03 1.089722535188363054e+03  4042317.360776992980 -4.6601248868682887e-05
2024-03-05T07:09:25.000 2.508385632013950726e+03 1.019273901623921688e+03  4042309.455161338206 -7.7368407949052198e-04
2024-03-05T07:09:35.000 2.755752682963215193e+03 1.110594597507243861e+03  4042301.541540139820 +1.0543197663537285e-03
2024-03-05T07:09:45.000 2.632855438697225509e+03 1.128029579994101596e+03  4042293.620588796213 +3.2143380144589173e-04
2024-03-05T07:09:55.000 2.711717864979139449e+03 1.128044191049426672e+03  4042285.696693996433 -1.5016217124639297e-03
2024-03-05T07:10:05.000 2.531206499591736247e+03 1.168636412741243021e+03  4042277.775594436564 +6.7156800912471226e-04
2024-03-05T07:10:15.000 2.645821061342556732e+03 1.121682218336100959e+03  4042269.849521090742 +7.1660384492133744e-05
2024-03-05T07:10:25.000 2.598009589505686108e+03 1.089620385638246944e+03  4042261.920352721587 +6.1735451970434951e-04
2024-03-05T07:10:35.000 2.513167439141668183e+03 1.099678521205447851e+03  4042253.982518701814 -7.9351246677106246e-04
2024-03-05T07:10:45.000 2.697335818297202422e+03 1.098532250955301379e+03  4042246.038098155521 +2.0346408985005837e-04
2024-03-05T07:16:15.000 3.190528043163150414e+03 1.281520955156663604e+03  4041982.039361056406 +5.1079192132874596e-04
2024-03-05T07:16:25.000 3.390509147032205874e+03 1.311558372922723720e+03  4041973.978498834651 +3.7244558507154579e-04
2024-03-05T07:16:35.000 2.747329025555265162e+03 1.293007955375909660e+03  4041965.913229477592 -1.8367101808962616e-03
2024-03-05T07:16:45.000 3.341513258302500617e+03 1.280067730889264112e+03  4041957.848982577212 -4.4010016881657066e-04
2024-03-05T07:16:55.000 3.233882339877007325e+03 1.250440513585576127e+03  4041949.782164741307 +1.9394144801481161e-03
2024-03-05T07:17:05.000 3.387604537291619636e+03 1.311731560867523740e+03  4041941.706326229498 -1.6239830756603624e-04
2024-03-05T07:17:15.000 3.354194834340248690e+03 1.372581618707893995e+03  4041933.627451218665 -4.6945444182711071e-04
2024-03-05T07:17:25.000 3.400924268386683252e+03 1.385373881322824445e+03  4041925.544606428593 -1.0252971642330522e-03
2024-03-05T07:17:35.000 3.392564989745857474e+03 1.326977950552969332e+03  4041917.464117818512 +1.2750211907359699e-03
2024-03-05T07:17:45.000 2.844288789275944509e+03 1.291013071593446966e+03  4041909.385062908754 -5.3130801995848742e-04
2024-03-05T07:29:47.000 6.829456555696225450e+00 4.396258876518547964e+00  3939456.805607571267 +4.5474735088646412e-13
