# Observation conducted on 2024.03.06 at O6 rev. 2
# Base frequency: 8432.00 MHz BW: 2 kHz dF: 0.2 Hz dT: 10.0 s Nscans: 1
# Format: UTC Time     |    Signal-to-Noise     |      Spectral max      | Freq detection [Hz] |   Doppler noise [Hz]  |
# 
2024-03-05T05:30:05.000 6.416277577016522571e+00 4.162843385528241846e+00  6009461.339023136534 +1.5566999149692174e+02
2024-03-05T05:30:15.000 6.524431935611134215e+00 4.502447693086597980e+00  6008901.948508408852 -4.1277764477259484e+02
2024-03-05T05:30:25.000 7.388514139553051585e+00 4.577361517247641842e+00  6009527.644281377085 +6.7116153722526406e+01
2024-03-05T05:30:35.000 6.012630712374610553e+00 4.045200841572427208e+00  6010121.518566801213 +4.3031137703185846e+02
2024-03-05T05:30:45.000 8.630270455673768382e+00 5.234565063245924854e+00  6010145.493486790918 +2.2419153762989004e+02
2024-03-05T05:30:55.000 6.446153981542193989e+00 4.469004059187902556e+00  6009262.394513539970 -7.9603731420050360e+02
2024-03-05T05:31:05.000 6.405573590038136089e+00 4.190080329837817530e+00  6009593.921111879870 -4.3605038516993523e+02
2024-03-05T05:31:15.000 6.905266647139666425e+00 4.154659158315258338e+00  6010347.890349579044 +5.3816503396716394e+02
2024-03-05T05:31:25.000 5.913193560640165103e+00 4.220272766388739605e+00  6010175.814210955054 +7.3121244467540828e+02
2024-03-05T05:31:35.000 1.046814037742066361e+01 5.434264880524022345e+00  6008757.285227757879 -3.2400266583121294e+02
2024-03-05T05:31:45.000 6.365135192189782742e+00 4.264259026936515262e+00  6009251.830366745591 +2.5890662563304636e+02
2024-03-05T05:35:15.000 6.971877545501004469e+00 4.405669405605886269e+00  5494596.976204242557 -2.2009711192955268e+02
2024-03-05T05:35:25.000 7.309667379797531339e+00 4.620577722091687711e+00  5494707.109639041126 -2.6016069914632442e+02
2024-03-05T05:35:35.000 7.835494722278437685e+00 4.883865886809891421e+00  5495273.371529980563 +1.5543868220280842e+01
2024-03-05T05:35:45.000 6.046349492711508233e+00 4.286950127587834558e+00  5496002.970391222276 +4.6348642766234548e+02
2024-03-05T05:35:55.000 6.814048896524412591e+00 4.266911918551888228e+00  5496413.051023130305 +6.8245030954265690e+02
2024-03-05T05:36:05.000 5.971437294145752972e+00 3.830760056913039779e+00  5495605.035993395373 -1.9886891004486620e+02
2024-03-05T05:36:15.000 7.426635615376010691e+00 4.758731519577475311e+00  5494683.019064002670 -1.0902127105633842e+03
2024-03-05T05:36:25.000 6.388434989394253805e+00 3.938802156499785934e+00  5496499.591005072929 +8.1932345855154517e+02
2024-03-05T05:36:35.000 6.131231927363585577e+00 3.942610654658809555e+00  5495297.487032033503 -2.8380511320269454e+02
2024-03-05T05:36:45.000 6.127036067263179397e+00 4.216335613152564221e+00  5495549.000941760838 +1.5079010497333229e+01
2024-03-05T05:36:55.000 5.872206037920528310e+00 3.974375762333010709e+00  5496221.529258438386 +6.3767683039418534e+02
2024-03-05T05:37:05.000 5.944488745717175782e+00 4.206136508028138543e+00  5495428.918092014268 -3.2268295815327292e+02
2024-03-05T05:37:15.000 7.660815781967690086e+00 4.724543883526914456e+00  5495985.174129181542 -3.4075702439392444e+01
2024-03-05T05:37:25.000 6.514549435281933754e+00 4.792962361853731146e+00  5496707.294535939582 +3.9010638187893232e+02
2024-03-05T05:37:35.000 5.243204134961131579e+00 3.899668508146183488e+00  5495590.687179991975 -9.2016829506721615e+02
2024-03-05T05:37:45.000 7.126906634710169719e+00 4.625086592256834273e+00  5496589.721981712617 +2.0223792534044628e+02
2024-03-05T05:39:15.000 5.884518777065218309e+00 4.521260827906526281e+00  5495707.942723992281 -6.7964534934209155e+01
2024-03-05T05:39:25.000 7.206947004080922703e+00 4.427588804197501560e+00  5495508.265120670199 -3.7607018598468636e+02
2024-03-05T05:39:35.000 5.863746044426091153e+00 3.899034959335554884e+00  5497230.278797427192 +9.2973246484190508e+02
2024-03-05T05:39:45.000 6.944135053182442618e+00 4.249351831519911471e+00  5497257.248946664855 +5.1500665885272724e+02
2024-03-05T05:39:55.000 7.643590570920783200e+00 4.501462502827058287e+00  5496198.408714956604 -8.4662323579976623e+02
2024-03-05T05:40:05.000 5.069098203195684604e+00 4.022252544590410039e+00  5496569.522171191871 -5.7077507817168021e+02
2024-03-05T05:40:15.000 6.614356700011708945e+00 4.144621970450691251e+00  5497107.951738192700 +7.4892154876127051e+01
2024-03-05T05:40:25.000 9.063757756120740083e+00 5.342000426092427645e+00  5497239.056233050302 +4.5921008681728767e+02
2024-03-05T05:40:35.000 6.257810405335384019e+00 4.408208948201184363e+00  5496833.972617865540 +3.6741636998792546e+02
2024-03-05T05:40:45.000 6.547220551304719471e+00 4.024395058153427129e+00  5495709.333534822799 -4.7699410153555095e+02
2024-03-05T05:40:55.000 6.131006635311841535e+00 4.459030790985802462e+00  5495682.395916203968 -3.3500690413676932e+02
2024-03-05T05:41:05.000 6.565391079394892415e+00 4.279264954142020905e+00  5495773.012144532986 -2.2798324671235042e+02
2024-03-05T05:41:15.000 6.765500200708349787e+00 4.409921578973107437e+00  5496056.555042869411 -6.2601302586199893e+01
2024-03-05T05:41:25.000 8.444717229981016260e+00 5.060482792890231174e+00  5496877.692977967672 +6.0505257144400116e+02
2024-03-05T05:41:35.000 7.547671349248576078e+00 4.735077679167096321e+00  5495686.965961578302 -5.7180638579254446e+02
2024-03-05T05:41:45.000 7.363436383913613881e+00 4.880503374167577846e+00  5495876.077908156440 +1.2676459565745796e+02
2024-03-05T05:43:15.000 6.067304279808638512e+00 4.166770643239462224e+00  5495912.512225575745 -3.9035942727724802e+02
2024-03-05T05:43:25.000 7.153629123488993713e+00 4.610089437141320801e+00  5496990.081695253029 +2.4348370721972344e+02
2024-03-05T05:43:35.000 7.746412168713015411e+00 4.576061452080377734e+00  5497348.959329051897 +2.8236379874940326e+02
2024-03-05T05:43:45.000 6.193371125661553123e+00 3.910831274271800329e+00  5496294.750044227578 -8.1105303696055057e+02
2024-03-05T05:43:55.000 7.659778600520534830e+00 4.643812050673331804e+00  5497077.179021158256 +1.1216509792187139e+02
2024-03-05T05:44:05.000 5.831964103349887019e+00 4.056519650050375958e+00  5496801.074272937141 -5.2958187052184485e+01
2024-03-05T05:44:15.000 7.386857378899354565e+00 4.661576410889261446e+00  5497559.248869671486 +6.1641801371503311e+02
2024-03-05T05:44:25.000 6.689158049058837818e+00 4.672567650783949311e+00  5496229.807156330906 -9.8289852025209507e+02
2024-03-05T05:44:35.000 7.195140039955076894e+00 4.995459934817029435e+00  5497729.885137425736 +4.2245060919263483e+02
2024-03-05T05:44:45.000 8.050760001933392473e+00 5.177082834106628617e+00  5496323.519727227278 -6.0912970922938996e+01
2024-03-05T05:46:15.000 8.098099333131482780e+00 4.979220652903973310e+00  5497527.841600403190 +4.6954900771463019e+02
2024-03-05T05:46:25.000 5.396207506973678569e+00 3.736617958276839957e+00  5497739.246946001425 +5.8954686503983908e+02
2024-03-05T05:46:35.000 6.205700556889855335e+00 4.326943536842515314e+00  5496703.269488508813 -5.1280538832234674e+02
2024-03-05T05:46:45.000 7.003657302161808929e+00 5.367987257754759156e+00  5496850.660364669748 -4.2993777373405044e+02
2024-03-05T05:46:55.000 8.077852471322650274e+00 5.250492801947090449e+00  5497061.347542215139 -2.8822769824507054e+02
2024-03-05T05:47:05.000 5.788859855728311743e+00 3.891681339731977385e+00  5497476.311993735842 +5.8894839307206894e+01
2024-03-05T05:47:15.000 8.395723881696440571e+00 5.283204545451745560e+00  5497762.962190954946 +2.9134036259903291e+02
2024-03-05T05:47:25.000 7.368602269857683851e+00 4.362175724192637993e+00  5498212.344464250840 +7.1458889736767742e+02
2024-03-05T05:47:35.000 6.768649425380235840e+00 4.724169048452928621e+00  5497491.121204454452 +6.6867932314173686e+00
2024-03-05T05:47:45.000 6.759289588453069264e+00 4.695649467342700056e+00  5497188.039812576026 -2.4026570655465571e+02
2024-03-05T05:47:55.000 5.892134137238133285e+00 4.182215793781009161e+00  5496376.128951700404 -9.6289959317926275e+02
2024-03-05T05:48:05.000 6.938932025747711840e+00 4.487607829245958690e+00  5496915.108258306049 -3.2914876092850307e+02
2024-03-05T05:48:15.000 6.080008862751028254e+00 4.059002237593275275e+00  5497545.838393799961 +3.5121866437370886e+02
2024-03-05T05:48:25.000 6.434129588999396354e+00 4.228548718103954052e+00  5498139.320661691949 +8.7061856256256533e+02
2024-03-05T05:48:35.000 6.790816977548643329e+00 4.413256047972011764e+00  5497147.323279269971 -4.3070428916102958e+02
2024-03-05T05:48:45.000 6.190463132587283646e+00 4.229196200551822216e+00  5498265.508277082816 -6.5306967250724028e+00
2024-03-05T05:50:15.000 6.884381428985296481e+00 4.644745838801367377e+00  5497455.678834937513 +1.2890747481712719e+02
2024-03-05T05:50:25.000 1.108147777961209002e+01 6.117270916588788410e+00  5497305.286236203276 -1.5819912520699518e+01
2024-03-05T05:50:35.000 6.898862031728846489e+00 4.241778261125944915e+00  5497210.356656334363 -2.2460930239898289e+01
2024-03-05T05:50:45.000 6.819252525234705153e+00 4.613976868138124132e+00  5496796.234043905511 -3.9834578046900930e+02
2024-03-05T05:50:55.000 7.373194637391995876e+00 4.899299433587004593e+00  5497821.456284218468 +6.2124994992410734e+02
2024-03-05T05:51:05.000 8.011894684556811086e+00 5.014249972783780152e+00  5496875.206156617962 -3.0763678723498958e+02
2024-03-05T05:51:15.000 7.611343793576899053e+00 5.238231539102806700e+00  5497299.795516273938 +2.0663464646440423e+02
2024-03-05T05:51:25.000 7.265023929194183161e+00 5.023491265398977390e+00  5496594.989941745996 -3.8255981030204782e+02
2024-03-05T05:51:35.000 6.041428493906213504e+00 3.975470431163979246e+00  5497495.886009061709 +4.3957532160155040e+02
2024-03-05T05:51:45.000 6.004408131093179612e+00 3.913667783733255856e+00  5497685.454558037221 -1.1639470579701629e+02
2024-03-05T05:53:15.000 6.232527561164406649e+00 4.352140640748897837e+00  5496849.616514364257 -5.9413778077291045e+02
2024-03-05T05:53:25.000 4.933800914863240905e+00 3.918207965875484255e+00  5496998.503545738757 -3.2468587833223796e+02
2024-03-05T05:53:35.000 7.166466071597464627e+00 4.595811616241006092e+00  5497859.612737824209 +4.8194499642149128e+02
2024-03-05T05:53:45.000 7.967986100308081632e+00 4.641680191684182333e+00  5497299.572991834953 -2.2149970327854533e+02
2024-03-05T05:53:55.000 7.339391423784867641e+00 4.749829400129176094e+00  5498358.074602548964 +6.6945424982290456e+02
2024-03-05T05:54:05.000 5.921587889771896762e+00 4.188823226575031811e+00  5497130.918099935167 -7.0400706482939836e+02
2024-03-05T05:54:15.000 5.097192845966900698e+00 3.822009576142062492e+00  5497580.228697446175 -3.5183703075862650e+02
2024-03-05T05:54:25.000 5.994062623446848370e+00 3.872206372453213419e+00  5498098.473227794282 +1.3082267784751093e+02
2024-03-05T05:54:35.000 5.534883687347205594e+00 3.694271272072059187e+00  5498125.736608526669 +1.8285279825833140e+02
2024-03-05T05:54:45.000 6.608412294019189837e+00 4.096318917855245267e+00  5497642.230722420849 -2.2840040385889768e+02
2024-03-05T05:54:55.000 7.010700681156077252e+00 5.020516597103942047e+00  5497161.651022514328 -6.1183429288117009e+02
2024-03-05T05:55:05.000 8.658102143150928853e+00 4.965243209591098328e+00  5498234.062237594277 +5.5223007881287276e+02
2024-03-05T05:55:15.000 7.518248757772502344e+00 4.862387412242468621e+00  5497954.279848354869 +3.2236368353329772e+02
2024-03-05T05:55:25.000 7.424431601475615317e+00 4.415199682341412135e+00  5497450.943160292692 -2.1296317228556597e+02
2024-03-05T05:55:35.000 5.843994906386038579e+00 3.897894769957268579e+00  5497001.226479940116 -8.1873543530336235e+02
2024-03-05T05:55:45.000 7.468172468978539591e+00 5.180014207020009032e+00  5498417.215283373371 +2.7491709976237212e+02
2024-03-05T05:57:15.000 6.151142819540199369e+00 4.148447772351740781e+00  5496945.138894814067 -1.9611109549959644e+02
2024-03-05T05:57:25.000 6.132583947272915559e+00 4.251116373295229955e+00  5497526.305025977083 +2.6240742198240275e+02
2024-03-05T05:57:35.000 7.466568518807028987e+00 4.094025490344136209e+00  5497531.173975513317 +4.6959251950767225e+01
2024-03-05T05:57:45.000 6.396154464504409276e+00 4.124324681085234978e+00  5497516.048988363706 -2.4104254149519454e+02
2024-03-05T05:57:55.000 7.138205243957608026e+00 4.643067643262726918e+00  5497857.421427823603 -1.5739325969199990e+02
2024-03-05T05:58:05.000 8.046083841776518142e+00 5.278876327863521567e+00  5498370.203732521273 +1.8174640326367125e+02
2024-03-05T05:58:15.000 7.839949610228559074e+00 4.790224404394313851e+00  5498579.312969719991 +3.5004392951527348e+02
2024-03-05T05:58:25.000 6.184090487915853807e+00 4.116299572689234409e+00  5497040.987872433849 -1.0890779697345977e+03
2024-03-05T05:58:35.000 5.828245518330634312e+00 4.074388484108924402e+00  5498676.877508148551 +7.3025733018723031e+02
2024-03-05T05:58:45.000 6.279652790763870840e+00 4.080706075910792485e+00  5497687.472657537088 -1.3157823816047687e+02
2024-03-05T06:00:15.000 7.981542550526096846e+00 4.922838112284611434e+00  5498402.653195600025 +7.1512714010717445e+01
2024-03-05T06:00:25.000 6.960656656148810129e+00 4.651398100621289444e+00  5498243.540502952412 -1.6709119944654958e+01
2024-03-05T06:00:35.000 6.340443406692595651e+00 3.980202065179045068e+00  5498025.826615416445 -7.4321053963002214e+01
2024-03-05T06:00:45.000 6.175824589149932820e+00 4.337052718668199525e+00  5497539.581694377586 -4.2129224818776549e+02
2024-03-05T06:00:55.000 6.636905331093586824e+00 4.594366756008869679e+00  5498509.344675081782 +6.1282062780689171e+02
2024-03-05T06:01:05.000 6.130585057180121034e+00 4.101541248739870582e+00  5497498.952912015840 -4.1867636371357480e+02
2024-03-05T06:01:15.000 7.513608914050507792e+00 4.817622329167177142e+00  5498269.962982062250 +2.6642697039806262e+02
2024-03-05T06:01:25.000 6.773424301548232052e+00 4.461796463462878393e+00  5498444.771980445832 +3.2998684600543561e+02
2024-03-05T06:01:35.000 6.790847498990368436e+00 4.543923571709801656e+00  5497181.512109005824 -1.0239793141481287e+03
2024-03-05T06:01:45.000 5.688867531068930283e+00 3.998268507507763747e+00  5498445.920315584168 +2.1019735483995532e+02
2024-03-05T06:01:55.000 6.420739245791856398e+00 4.059795422968756284e+00  5498705.315997228026 +5.2143545911752040e+02
2024-03-05T06:02:05.000 6.648702106819871283e+00 3.951081146001878430e+00  5497759.817107707262 -2.9925995050939468e+02
2024-03-05T06:02:15.000 5.927145860017563272e+00 4.205906649200391811e+00  5498872.389296825044 +9.5887235661761019e+02
2024-03-05T06:02:25.000 6.741857564992349339e+00 4.156306801296580034e+00  5496962.977931221947 -8.9189759229361846e+02
2024-03-05T06:02:35.000 7.664082389597353995e+00 5.206850620173511857e+00  5498315.065002477728 +2.5638653050518815e+02
2024-03-05T06:02:45.000 7.390810003200765976e+00 4.231156464767430236e+00  5498765.031956898980 -1.5649221024803865e+01
2024-03-05T06:04:15.000 6.638524538921225293e+00 4.151788842232609689e+00  5497953.617303242907 -2.8917411176566043e+02
2024-03-05T06:04:25.000 8.160637576859826936e+00 5.115065612379061655e+00  5498782.250367016532 +1.3369169933035346e+02
2024-03-05T06:04:35.000 6.103842184369900004e+00 4.099915491715262483e+00  5498851.703679909930 +2.3411571570870228e+02
2024-03-05T06:04:45.000 5.665197569904793617e+00 4.518042812299397859e+00  5497862.150973826647 -3.5274471442665890e+02
2024-03-05T06:04:55.000 6.336277523000529044e+00 4.553630735081092951e+00  5497884.695108596236 +1.9492977986690994e+02
2024-03-05T06:05:05.000 9.135340845700666179e+00 5.513970049083759761e+00  5497194.246281430125 -1.4573398205177702e+02
2024-03-05T06:05:15.000 7.267529647575449836e+00 4.288710483162212483e+00  5497277.976653000340 -9.8079890105338080e+01
2024-03-05T06:05:25.000 7.133493756592250712e+00 4.677416089307978808e+00  5498387.960079727694 +6.0248440501285086e+02
2024-03-05T06:05:35.000 7.504114889796541732e+00 4.774640275654174815e+00  5497753.488471734338 -4.4342893399414913e+02
2024-03-05T06:05:45.000 6.402181828920771700e+00 4.289723185467316569e+00  5497899.717342492193 +1.5522483485482678e+02
2024-03-05T06:07:15.000 5.609478210668843445e+00 3.789000234198731221e+00  5498730.406697125174 +8.6135653499334683e+02
2024-03-05T06:07:25.000 8.670007682836859075e+00 5.078851130092298050e+00  5497169.364106598310 -5.8758770038525756e+02
2024-03-05T06:07:35.000 7.038070530464384689e+00 4.517745834053032539e+00  5498402.967915035784 +5.5237739675694218e+02
2024-03-05T06:07:45.000 6.155973872561072646e+00 4.255881954175648296e+00  5498687.111620062962 +6.9365254568295950e+02
2024-03-05T06:07:55.000 6.209501347175772068e+00 4.110040970853289899e+00  5497145.433962401003 -9.4820925840188193e+02
2024-03-05T06:08:05.000 5.324252871050767943e+00 3.929412623165583263e+00  5497468.275864110328 -6.4311051487071450e+02
2024-03-05T06:08:15.000 9.134353758225845610e+00 5.511626929195357683e+00  5498052.117539503612 +5.4631844764670632e+00
2024-03-05T06:08:25.000 8.815532180954361863e+00 4.804398110279169742e+00  5498652.334599724039 +7.2563455123781591e+02
2024-03-05T06:08:35.000 6.747647087457750992e+00 4.253495935223870816e+00  5497541.149107025936 -2.5247905408226768e+02
2024-03-05T06:08:45.000 6.692709842789254182e+00 4.386300203511687812e+00  5497143.607419733889 -5.4835248586556656e+02
2024-03-05T06:08:55.000 6.428540945035786436e+00 4.269162418257807623e+00  5497154.694760725833 -5.0150295366179319e+02
2024-03-05T06:09:05.000 5.883483303529907005e+00 4.092477209755905676e+00  5498782.564218540676 +1.0841742701620919e+03
2024-03-05T06:09:15.000 5.682160703100106680e+00 3.968956819712948114e+00  5497755.399430111051 -4.0296175616412938e+01
2024-03-05T06:09:25.000 7.446376945770346367e+00 4.571292493361267972e+00  5497318.572699075565 -5.5937633150896249e+02
2024-03-05T06:09:35.000 5.175498798714612825e+00 4.017426280220149692e+00  5498870.105389449745 +1.0548807675828125e+03
2024-03-05T06:09:45.000 6.276123887329842610e+00 4.042994436850690043e+00  5497192.596388108097 -2.1280515391026913e+02
2024-03-05T06:11:15.000 6.818619105378254552e+00 4.684384039282784684e+00  5498468.832095344551 +3.6784787088157680e+02
2024-03-05T06:11:25.000 6.345044681050516111e+00 4.296771620006878400e+00  5497927.677996791899 -7.2342707672346432e+02
2024-03-05T06:11:35.000 1.156458429610855099e+01 6.082643740023766732e+00  5499142.666501706466 +2.0712349849284692e+02
2024-03-05T06:11:45.000 5.563505442708435389e+00 3.760215878457751071e+00  5498243.955750972964 -7.2387469911427092e+02
2024-03-05T06:11:55.000 7.247231983622095086e+00 4.876538620565804116e+00  5499001.821576728486 +2.1571269177611543e+02
2024-03-05T06:12:05.000 6.756470048573500975e+00 4.390260781364379028e+00  5498732.759263791144 +2.7418931848041939e+02
2024-03-05T06:12:15.000 6.398479488165994766e+00 3.951853963079635434e+00  5497538.909058038145 -5.4998750970943456e+02
2024-03-05T06:12:25.000 6.879612038325162438e+00 4.266088417473066663e+00  5498007.303568853997 +1.8559944851599823e+02
2024-03-05T06:12:35.000 6.212170697029196553e+00 4.108171205121553093e+00  5497896.240164047107 +4.8258629002490693e+01
2024-03-05T06:12:45.000 6.454003454946255047e+00 4.476973019586232283e+00  5498378.127310971729 -3.2405129143784961e+01
2024-03-05T06:14:15.000 6.900715742765555660e+00 4.016551066685704718e+00  5498472.079668818973 +8.3289559833958947e+01
2024-03-05T06:14:25.000 6.572713772649063202e+00 4.620069840130479832e+00  5498031.629129461013 +9.7733015143606281e+01
2024-03-05T06:14:35.000 6.396936281659467483e+00 4.323577492259876642e+00  5497423.814339979552 -2.0653552483501997e+02
2024-03-05T06:14:45.000 7.540409502161009137e+00 4.556414577103985231e+00  5497522.676048380323 +2.4450427922132405e+01
2024-03-05T06:14:55.000 5.554162213063892573e+00 3.798115086392940931e+00  5497603.226019399241 +7.8206365950375698e+01
2024-03-05T06:15:05.000 6.598352401879830076e+00 4.426130612445814627e+00  5497361.174172619358 -3.1317926311219333e+02
2024-03-05T06:15:15.000 5.710652570037550113e+00 4.312168789623075149e+00  5498275.476160096936 +3.8079933357056643e+02
2024-03-05T06:15:25.000 7.321940440583110998e+00 5.215531242751195506e+00  5498571.296651351266 +4.4332539149995091e+02
2024-03-05T06:15:35.000 6.943207732198085402e+00 4.105851793992504994e+00  5497583.141515318304 -7.3531141673243872e+02
2024-03-05T06:15:45.000 7.203943189337087993e+00 4.225209922091013759e+00  5498654.371114234440 +2.3309512491144392e+02
2024-03-05T06:15:55.000 6.281802859884344059e+00 4.230657929761235003e+00  5498161.833119051531 -2.4940259619552353e+02
2024-03-05T06:16:05.000 6.808875617064018115e+00 4.112459083358140255e+00  5498901.646514659747 +6.1017479634945130e+02
2024-03-05T06:16:15.000 7.123376264212224918e+00 4.378758604336571381e+00  5497342.066679013893 -7.6010444042256972e+02
2024-03-05T06:16:25.000 6.947818411276634798e+00 4.797084106957858474e+00  5498559.286195695400 +6.3001445618937373e+02
2024-03-05T06:16:35.000 7.144354326672312183e+00 4.926108168231845497e+00  5497665.898256384768 -2.4726703050972384e+02
2024-03-05T06:16:45.000 6.891748509323102567e+00 4.757957378427966511e+00  5498299.349766376428 +4.1949221388253363e+01
2024-03-05T06:18:15.000 5.911964652807738752e+00 4.005767874239488435e+00  5498315.861784280278 +3.7072168112119073e+02
2024-03-05T06:18:25.000 6.245588294993400069e+00 4.001007006434987190e+00  5497526.087499822490 -4.1969801291354258e+02
2024-03-05T06:18:35.000 7.092963620428124116e+00 4.517917529194683368e+00  5498318.502024129033 +1.1595680917606501e+02
2024-03-05T06:18:45.000 7.826122374797012782e+00 5.064243653060596095e+00  5498404.394618459977 +3.4694952381845496e+01
2024-03-05T06:18:55.000 4.927825281315321604e+00 3.847004448083985118e+00  5497984.317646916024 -3.9250601198516949e+02
2024-03-05T06:19:05.000 5.652965129303837877e+00 3.970994097041179671e+00  5499142.910772630945 +8.2202076737946436e+02
2024-03-05T06:19:15.000 6.994907218130268944e+00 4.288043149368673035e+00  5497800.004324631765 -5.5836889387892654e+02
2024-03-05T06:19:25.000 6.545541626198813745e+00 4.153993659722655885e+00  5498772.214194052853 +1.7486099791916422e+02
2024-03-05T06:19:35.000 5.912818897459085399e+00 3.841707167085690600e+00  5499096.132407009602 +1.0651350485120679e+02
2024-03-05T06:19:45.000 7.154073941140612902e+00 4.533718033867756070e+00  5499186.866058905609 -3.5905990824711125e+01
2024-03-05T06:21:15.000 6.587937471361636099e+00 4.364906416765201413e+00  5497840.250392839313 -4.9311096867338620e+02
2024-03-05T06:21:25.000 6.330940557767060994e+00 4.294013369002797731e+00  5498001.685792587698 -2.8360330953931737e+02
2024-03-05T06:21:35.000 5.435400803207312670e+00 4.113886297760941169e+00  5498808.580332874320 +6.0911365501477724e+02
2024-03-05T06:21:45.000 5.557504643954846557e+00 3.919442811777443580e+00  5499219.244759249501 +1.0859584838118781e+03
2024-03-05T06:21:55.000 7.851566763326189857e+00 5.410106951898441707e+00  5497615.607672157697 -4.9640456324193582e+02
2024-03-05T06:22:05.000 7.869950813421858982e+00 4.789257140565331916e+00  5498089.723083274439 -4.6790330573873575e+01
2024-03-05T06:22:15.000 7.021494578858869851e+00 4.700639725119144963e+00  5498414.320569273084 +2.2332502504935678e+02
2024-03-05T06:22:25.000 6.186487365457610466e+00 4.327470132135635694e+00  5498161.177577665076 -8.9556021396500682e+01
2024-03-05T06:22:35.000 1.001528325423968191e+01 5.499126044334737173e+00  5497908.119341288693 -3.8168481045760984e+02
2024-03-05T06:22:45.000 7.922531045960155005e+00 4.450636640046772285e+00  5498703.222460987978 +4.1440472270308783e+02
2024-03-05T06:22:55.000 7.395422353231219326e+00 4.721923093526560145e+00  5498753.126101026312 +5.1047488196611971e+02
2024-03-05T06:23:05.000 7.395167809299039163e+00 4.258864303236608251e+00  5498068.724207751453 -9.9455932849626606e+01
2024-03-05T06:23:15.000 8.321934104329635318e+00 5.246328448893893714e+00  5497555.877033557743 -5.5613406377353476e+02
2024-03-05T06:23:25.000 7.075715179509053598e+00 4.735590545705968601e+00  5499011.878684412688 +8.5366459107049764e+02
2024-03-05T06:23:35.000 7.232672548636761789e+00 4.600656474784803329e+00  5497916.677526644431 -5.1937737750854922e+02
2024-03-05T06:23:45.000 7.790321598547639503e+00 4.474104844209040976e+00  5499260.819387828000 +1.3309194936075414e+02
2024-03-05T06:25:15.000 5.936011823684070876e+00 4.298046951144288919e+00  5498963.235982403159 -1.8059179898151342e+01
2024-03-05T06:25:25.000 7.106346151028295921e+00 4.898415903865123155e+00  5498323.079225466587 -3.0032492464308109e+02
2024-03-05T06:25:35.000 7.284577595863208188e+00 4.600809565425063141e+00  5499049.836480556056 +7.9232691052025621e+02
2024-03-05T06:25:45.000 7.147692716942168900e+00 4.295641546397424015e+00  5497462.745522229001 -6.5077342808569949e+02
2024-03-05T06:25:55.000 5.695108235355163195e+00 4.096025734709282773e+00  5497461.877558427863 -7.1935075117944734e+02
2024-03-05T06:26:05.000 8.707812379920135015e+00 4.459010000839671584e+00  5499132.206871530972 +8.0649888041999452e+02
2024-03-05T06:26:15.000 7.435298080600582615e+00 4.535074371812654270e+00  5497617.369175481610 -7.8531932119208204e+02
2024-03-05T06:26:25.000 5.611564699785992261e+00 3.816116230869318837e+00  5498751.201305101626 +3.7725498419677751e+02
2024-03-05T06:26:35.000 6.177456176141206790e+00 4.039675400559326945e+00  5498424.566189734265 +1.8764044449885660e+00
2024-03-05T06:26:45.000 7.325156137967901770e+00 4.507034738987715450e+00  5499061.094607890584 -7.8502644118213993e+00
2024-03-05T06:28:15.000 6.168347928397089674e+00 4.485300440814484091e+00  5497761.691991904750 -2.3065251167668833e+02
2024-03-05T06:28:25.000 6.928251608997173960e+00 4.677605568794889201e+00  5497587.234615443274 -1.2381250852815529e+02
2024-03-05T06:28:35.000 6.105340912591966429e+00 4.098448998544684585e+00  5497573.264139343984 -1.3984453042380514e+02
2024-03-05T06:28:45.000 6.635665921004070711e+00 4.172228619740484312e+00  5498451.886328861117 +5.8753333643031499e+02
2024-03-05T06:28:55.000 7.459153679267813253e+00 4.495413871914601067e+00  5498102.718427132815 +3.5452098554536974e+01
2024-03-05T06:29:05.000 7.377059201442137670e+00 4.422174364607424302e+00  5498186.938776995987 -6.9535878503427853e+01
2024-03-05T06:29:15.000 5.708323140810004581e+00 4.402598756762581722e+00  5497569.818811968900 -8.2440223469870352e+02
2024-03-05T06:29:25.000 6.199725140884226882e+00 4.175219169267053054e+00  5498805.257258313708 +3.3941423105741455e+02
2024-03-05T06:29:35.000 5.008352581760936673e+00 3.698736138426305775e+00  5499001.537667247467 +5.2628773759002843e+02
2024-03-05T06:29:45.000 6.032104129237718659e+00 4.276960463811517066e+00  5498260.616789317690 -1.7978345967220309e+02
2024-03-05T06:29:55.000 7.677356693406983013e+00 4.821321624850167353e+00  5497818.017949343659 -5.7076104927676761e+02
2024-03-05T06:30:05.000 8.096557591107885088e+00 4.892959646935771012e+00  5498873.486996916123 +5.2061193124466809e+02
2024-03-05T06:30:15.000 8.857682260347637282e+00 5.540967766236689407e+00  5498646.956917566247 +2.8129835102541142e+02
2024-03-05T06:30:25.000 5.853275751523625559e+00 3.940700352608265344e+00  5497598.098827864975 -8.5795937455216085e+02
2024-03-05T06:30:35.000 5.402219838992265544e+00 3.830483573694179356e+00  5498577.803108605556 -6.6635506183633879e+01
2024-03-05T06:30:45.000 6.053011825687446112e+00 4.040708278493318595e+00  5499092.011173208244 +1.5393343224186310e+02
2024-03-05T06:32:15.000 6.934700866033945310e+00 4.302455006706625618e+00  5498234.290076554753 -1.0429225872546317e+02
2024-03-05T06:32:25.000 5.064340855253154139e+00 3.734562089465120582e+00  5498924.147913118824 +2.8132257404463348e+02
2024-03-05T06:32:35.000 1.004220303545132076e+01 5.815277600580044393e+00  5498795.693410779350 -6.0623681682900497e+00
2024-03-05T06:32:45.000 6.747277947792433395e+00 4.854890642192402517e+00  5498733.256411083974 -5.0815778922814161e+01
2024-03-05T06:32:55.000 5.311919552623955099e+00 3.855481670862440868e+00  5498120.388026658446 -4.8596644713752141e+02
2024-03-05T06:33:05.000 7.067294992561394373e+00 4.780848849102438791e+00  5498880.558535468765 +5.5931679934283488e+02
2024-03-05T06:33:15.000 7.271065090571287470e+00 4.900700558223130443e+00  5497674.885702431202 -3.3072442247739195e+02
2024-03-05T06:33:25.000 6.525490315948396791e+00 4.740653388435934090e+00  5497751.460308006965 +2.7096400272296819e+00
2024-03-05T06:33:35.000 6.567392745180642422e+00 4.550547471742231842e+00  5497732.604893961921 +9.2057783025736626e+01
2024-03-05T06:33:45.000 7.939569421134580196e+00 4.946492901490868732e+00  5497741.179562500678 -1.8474192460306995e+01
2024-03-05T06:35:15.000 7.042366819019260760e+00 4.581571741382632013e+00  5497794.176068075933 +1.9818251141894157e+02
2024-03-05T06:35:25.000 5.270463099969918019e+00 3.639006038150592204e+00  5498992.366272923537 +1.2083464539820307e+03
2024-03-05T06:35:35.000 7.917285977308753608e+00 4.853461759892895522e+00  5497999.436916591600 -1.9116610266917985e+02
2024-03-05T06:35:45.000 7.179995928952729756e+00 4.356382913231991338e+00  5497915.659206986427 -6.8682226489493110e+02
2024-03-05T06:35:55.000 7.485895426642739103e+00 4.613813552540559471e+00  5498900.064758839086 +6.3557989622715922e+00
2024-03-05T06:36:05.000 8.878318322890107694e+00 5.496527164634071205e+00  5498888.951853536069 -1.2117083570499335e+02
2024-03-05T06:36:15.000 6.889332868149407041e+00 4.067409479163440089e+00  5499250.128724502400 +2.9631748149342593e+02
2024-03-05T06:36:25.000 5.576526558341895701e+00 4.002363374880380853e+00  5498988.541958832182 +2.2095942344920559e+02
2024-03-05T06:36:35.000 7.809155284601555280e+00 5.044150329944625533e+00  5499178.300570052117 +6.5886880420513830e+02
2024-03-05T06:36:45.000 6.883667269224769569e+00 4.409395855227922212e+00  5498126.073097648099 -1.6093627564102746e+02
2024-03-05T06:36:55.000 6.513202574615887031e+00 4.419847309218093656e+00  5497828.570868215524 -3.1351812190712843e+02
2024-03-05T06:37:05.000 7.752459310948725424e+00 5.076645370186479767e+00  5497593.129260177724 -5.4190613622995784e+02
2024-03-05T06:37:15.000 6.515840434749640586e+00 4.503878379417036726e+00  5497667.060177218169 -6.1221229674715482e+02
2024-03-05T06:37:25.000 8.904053552975959462e+00 5.026399587384879020e+00  5499238.289143281057 +7.0253798277330725e+02
2024-03-05T06:37:35.000 8.019148750987326935e+00 4.465346701679723473e+00  5498779.256223727018 -1.8161180022966619e+01
2024-03-05T06:37:45.000 6.615820584907284641e+00 4.278903728755024893e+00  5498631.113595674746 -2.4256651986053816e+02
2024-03-05T06:39:15.000 6.028464948130491941e+00 4.451997071874453482e+00  5497535.604249424301 -1.5803083604397108e+02
2024-03-05T06:39:25.000 6.995343677574686225e+00 4.209981940045107507e+00  5497648.637998603284 +6.4816022865400299e+01
2024-03-05T06:39:35.000 8.779981963373527876e+00 5.221253168002278677e+00  5497595.605872971937 +1.0981587175338633e+02
2024-03-05T06:39:45.000 7.601181930164535139e+00 4.400369367611526528e+00  5497422.514758685604 -9.4200998474564898e+01
2024-03-05T06:39:55.000 7.046406649901424402e+00 4.489731876851000614e+00  5497487.339097309858 -2.5314441596187379e+02
2024-03-05T06:40:05.000 6.251861238024158496e+00 4.275842967838224595e+00  5498281.114190089516 +1.3437823208068005e+02
2024-03-05T06:40:15.000 6.670067458466914623e+00 4.466468057515998069e+00  5499195.496665249579 +5.6557172238984549e+02
2024-03-05T06:40:25.000 5.781572619296479587e+00 3.916318728465393306e+00  5497971.185671298765 -9.9717655534201208e+02
2024-03-05T06:40:35.000 7.238672459107540647e+00 4.291785865407850231e+00  5499114.716219753027 +3.1144599997442833e+02
2024-03-05T06:40:45.000 6.795109630975460391e+00 4.602584889031451354e+00  5497554.495533386245 -6.3337195218900206e+01
2024-03-05T06:42:15.000 6.580874611814691022e+00 4.272803841915583156e+00  5498808.191579313949 +6.2152311115834505e+02
2024-03-05T06:42:25.000 5.786610799026742136e+00 3.966879462803728273e+00  5498543.139696107246 +3.6412713558818325e+02
2024-03-05T06:42:35.000 5.451980983650811297e+00 4.109900165836562813e+00  5497734.489111614414 -6.4993483931971264e+02
2024-03-05T06:42:45.000 5.315323398682312295e+00 4.168380150079996405e+00  5497510.014465260319 -1.1151538962714756e+03
2024-03-05T06:42:55.000 6.889021719239788233e+00 4.445305966050299595e+00  5499324.590281470679 +5.2823235510918744e+02
2024-03-05T06:43:05.000 7.878004208576069090e+00 4.465334684909904261e+00  5498646.275357623585 -2.0624166304152118e+02
2024-03-05T06:43:15.000 6.260883445681312942e+00 4.107856056338976103e+00  5498996.383388923481 +2.0223529877030205e+02
2024-03-05T06:43:25.000 6.798529627908910911e+00 4.032561634184704147e+00  5498882.652354130521 +2.2835487386234604e+02
2024-03-05T06:43:35.000 6.219792569970680418e+00 4.777892915758787495e+00  5498979.123845239170 +4.9400257977408864e+02
2024-03-05T06:43:45.000 5.653855571402772284e+00 4.316280725650278427e+00  5498446.764858657494 +1.0231378018181897e+02
2024-03-05T06:43:55.000 6.508363783033216166e+00 4.146362641524723003e+00  5497696.250250521116 -5.8610968906704193e+02
2024-03-05T06:44:05.000 7.720157562887836278e+00 4.806373574605273369e+00  5497468.635664179921 -8.5909242173501684e+02
2024-03-05T06:44:15.000 8.689496627095376624e+00 5.265001892899178415e+00  5499326.610909318551 +8.5180210865621166e+02
2024-03-05T06:44:25.000 6.460754371263809581e+00 4.003423069118267286e+00  5498326.715205733664 -3.4307903667516518e+02
2024-03-05T06:44:35.000 8.615495272111026281e+00 4.904027550723816908e+00  5498842.679514534771 +4.5298240163693208e+01
2024-03-05T06:44:45.000 6.787563700791542587e+00 4.417526183037694842e+00  5498587.237449839711 -8.0099843839905589e+01
2024-03-05T06:48:15.000 6.750907787679425454e+00 4.351778001589975631e+00  5499089.627376227640 -4.6871380045763772e+01
2024-03-05T06:48:25.000 7.256812276362208713e+00 4.174119876896459580e+00  5499216.605900432914 +3.8378708669114849e+02
2024-03-05T06:48:35.000 6.245959513392270068e+00 4.567926463474154097e+00  5497559.179416536354 -9.1903421830124205e+02
2024-03-05T06:48:45.000 7.827912205043467964e+00 5.211309830415864930e+00  5498564.676623733714 +2.0157205616509896e+02
2024-03-05T06:48:55.000 8.692741224809241274e+00 4.944408009687102812e+00  5498774.441251923330 +2.8846838216549395e+02
2024-03-05T06:49:05.000 7.640852936230762005e+00 4.766422582097064264e+00  5498451.264351563528 -2.3346548347961073e+02
2024-03-05T06:49:15.000 5.611033962176477097e+00 3.884311767354547751e+00  5498448.433694027364 -3.1965322485281195e+02
2024-03-05T06:49:25.000 6.547917083454124487e+00 4.295049898050177006e+00  5498865.332439539954 +2.1840657499953795e+02
2024-03-05T06:49:35.000 5.418666476398212417e+00 4.070409533057095963e+00  5498450.661938476376 -1.5006890644215218e+01
2024-03-05T06:49:45.000 5.988595138126105333e+00 4.081626247340794933e+00  5498711.789490788244 -2.1859018747874870e+01
2024-03-05T06:51:15.000 8.244973125532114366e+00 4.992339779102980657e+00  5499023.614078926854 +3.0514318829255058e+02
2024-03-05T06:51:25.000 6.323850222398413656e+00 4.117795861483101838e+00  5499111.916121244431 +6.0523549429400555e+02
2024-03-05T06:51:35.000 7.198736073509556910e+00 4.319434272848787337e+00  5497950.714704974554 -5.1288221081169149e+02
2024-03-05T06:51:45.000 6.372698227825335238e+00 4.363371898219211786e+00  5497962.263533784077 -5.4887816314533177e+02
2024-03-05T06:51:55.000 6.006532108680431747e+00 4.196410663530445895e+00  5498190.174086065963 -4.0145971718009355e+02
2024-03-05T06:52:05.000 8.694129406485130218e+00 5.235244078816466029e+00  5499257.453093599528 +5.9184273566492629e+02
2024-03-05T06:52:15.000 6.185458812815948448e+00 4.123320613468343332e+00  5498019.407350367866 -6.9024082142246516e+02
2024-03-05T06:52:25.000 8.235545849011634445e+00 4.922984760575582541e+00  5498983.748638430610 +2.6956349797385428e+02
2024-03-05T06:52:35.000 6.832150386565372102e+00 4.318034954689728089e+00  5499383.547229450196 +7.0220558776147777e+02
2024-03-05T06:52:45.000 7.217116554061095535e+00 4.348489796097286586e+00  5498159.407365331426 -4.6333456727639191e+02
2024-03-05T06:52:55.000 5.778814600803516832e+00 4.103566421772591788e+00  5497527.690274339169 -1.0296452726254706e+03
2024-03-05T06:53:05.000 5.400962641123599361e+00 3.942453883533376224e+00  5498926.889297544025 +4.1767060515244611e+02
2024-03-05T06:53:15.000 5.850814945602634154e+00 3.952782752357131724e+00  5498813.964524546638 +3.0850887688208604e+02
2024-03-05T06:53:25.000 9.242522491760800207e+00 5.772464008324487139e+00  5498492.867462089285 -8.1032697871635037e+01
2024-03-05T06:53:35.000 7.204052779003777829e+00 4.466811028576057829e+00  5498991.556278980337 +2.5053943686227876e+02
2024-03-05T06:53:45.000 8.213833869272610499e+00 4.854684181201060156e+00  5498923.438175830059 -1.0626439406024519e+02
2024-03-05T06:55:15.000 6.087170980399728926e+00 4.139931299738367265e+00  5497950.265938332304 +4.0491175419286020e+02
2024-03-05T06:55:25.000 7.658445380215239240e+00 4.495885151655863332e+00  5497589.707650403492 -4.6885108890566499e+02
2024-03-05T06:55:35.000 6.132437055060368181e+00 4.114640104478967331e+00  5498952.446758410893 +3.1234654935023377e+02
2024-03-05T06:55:45.000 9.023793332646018683e+00 5.559849358051143220e+00  5499235.309145703912 +4.1311116347973575e+02
2024-03-05T06:55:55.000 7.578738322785424586e+00 4.680409899399459839e+00  5497556.621734756045 -1.0558218632521107e+03
2024-03-05T06:56:05.000 7.881549416303552213e+00 4.931790756772172379e+00  5498885.679596704431 +6.0043361526963440e+02
2024-03-05T06:56:15.000 6.097494617075702728e+00 4.308161200575296057e+00  5498296.660541981459 +1.2338386320290920e+02
2024-03-05T06:56:25.000 6.977088471681111237e+00 4.230188420606257438e+00  5498034.080062964931 -4.2483503004231000e+02
2024-03-05T06:56:35.000 9.212190171515437953e+00 5.141661309248668488e+00  5499105.039204135537 +1.3934548491850182e+02
2024-03-05T06:56:45.000 5.554952505768203430e+00 3.887128523771927302e+00  5498873.694669585675 -7.6048710489709947e+01
2024-03-05T06:58:15.000 7.225054235491706223e+00 4.755217350779028074e+00  5498749.206531691365 +4.0850847951274091e+02
2024-03-05T06:58:25.000 6.112121751411899062e+00 4.070603791615080347e+00  5498549.135171062313 -9.0867623624052612e+01
2024-03-05T06:58:35.000 7.123721182578560907e+00 4.215893618495573314e+00  5497633.662466316484 -1.1393977839233889e+03
2024-03-05T06:58:45.000 8.304624434524031429e+00 5.012468676275110724e+00  5499424.595903102309 +6.4747765505507755e+02
2024-03-05T06:58:55.000 6.108382178232581339e+00 4.527965487137703526e+00  5498959.850836587138 +2.6783577561547418e+02
2024-03-05T06:59:05.000 6.316256094209584226e+00 4.386291036871948990e+00  5498743.052674080245 +1.8519382425770868e+02
2024-03-05T06:59:15.000 7.544143156935991357e+00 5.085286933632565010e+00  5498287.440551271662 -1.2526655637727742e+02
2024-03-05T06:59:25.000 7.389706660531711435e+00 4.910537674571095579e+00  5498724.526249496266 +4.3428014546497411e+02
2024-03-05T06:59:35.000 1.017858004340071432e+01 5.089313428040240339e+00  5497471.567029142752 -7.4590330023093190e+02
2024-03-05T06:59:45.000 5.954248816550983037e+00 3.988976456488102507e+00  5499030.808187317103 +8.1844624812189159e+02
2024-03-05T06:59:55.000 6.358078868899076141e+00 4.202669749745978400e+00  5498418.277969709598 +1.3670777128418479e+02
2024-03-05T07:00:05.000 8.210953241468043728e+00 4.583319581709912605e+00  5498658.269844477996 +2.4017891878809883e+02
2024-03-05T07:00:15.000 6.760133148708654893e+00 4.234622173019412905e+00  5499004.770672818646 +4.0582473520986855e+02
2024-03-05T07:00:25.000 6.746730042212178091e+00 4.490730822369124020e+00  5498182.741768676788 -6.0012072441150167e+02
2024-03-05T07:00:35.000 5.786528018974176568e+00 3.972648130791207155e+00  5498735.029907719232 -1.7292282989046703e+02
2024-03-05T07:00:45.000 6.058462870725444205e+00 4.029392553920362552e+00  5499101.591178762726 +2.1219803123998281e+02
2024-03-05T07:02:15.000 6.719504201959604295e+00 4.587900243618759255e+00  5498803.395749300718 +6.5594650391290315e+02
2024-03-05T07:02:25.000 9.040408927930860372e+00 5.038674646906463828e+00  5497467.875344346277 -4.1744854752740656e+02
2024-03-05T07:02:35.000 6.025869226460272898e+00 4.317380490012002525e+00  5498359.932240397669 +3.7102539965409039e+02
2024-03-05T07:02:45.000 5.991617634074503762e+00 4.049713805074645734e+00  5497635.960736058652 -5.8430228883661039e+02
2024-03-05T07:02:55.000 6.375486119435107568e+00 4.105867758863498196e+00  5499257.232994018123 +8.2822685691156664e+02
2024-03-05T07:03:05.000 5.832476345813772056e+00 4.296733358849214035e+00  5498764.381456775591 +2.3059905857052490e+02
2024-03-05T07:03:15.000 6.806686623459514252e+00 4.500490572441325554e+00  5497656.828954773955 -8.4692537046267512e+02
2024-03-05T07:03:25.000 7.216937289235210606e+00 4.587219669943170430e+00  5498610.223223427311 +2.7013872379266104e+02
2024-03-05T07:03:35.000 6.711886377080763744e+00 4.465729375871064555e+00  5498227.225491906516 +1.6980615652221138e+02
2024-03-05T07:03:45.000 6.655734334528275120e+00 4.259402850947217267e+00  5497575.032985805534 -9.0339861388495663e+01
2024-03-05T07:05:15.000 7.275463235739011658e+00 5.066562131643400413e+00  5498833.590406335890 +3.4825736120658348e+00
2024-03-05T07:05:25.000 5.864786948258516652e+00 3.887236146989507812e+00  5498662.222527770326 -1.2639561775427887e+02
2024-03-05T07:05:35.000 6.021684360946935932e+00 4.351045154268782689e+00  5499315.908489141613 +5.9601495743549458e+02
2024-03-05T07:05:45.000 5.965175808841308047e+00 4.132435692143889838e+00  5497577.553423761390 -1.0696243981036782e+03
2024-03-05T07:05:55.000 5.256210878054611513e+00 3.790679688502720524e+00  5499002.344803176820 +4.1524229099213630e+02
2024-03-05T07:06:05.000 5.971563382280944410e+00 4.676145150105524451e+00  5499101.132375458255 +5.5118526987536552e+02
2024-03-05T07:06:15.000 6.420990061423854200e+00 4.334440092428015312e+00  5498530.538197662681 -9.3612552022379987e+00
2024-03-05T07:06:25.000 6.973368762810758348e+00 4.352203265161051604e+00  5498717.468889334239 +1.6215279545213230e+02
2024-03-05T07:06:35.000 7.440494969985625318e+00 4.637426180551320165e+00  5497742.239406331442 -8.4674319234103882e+02
2024-03-05T07:06:45.000 7.995471713367813038e+00 4.943617743307334500e+00  5499043.489411936142 +4.1511550330881641e+02
2024-03-05T07:06:55.000 6.715069799394337124e+00 4.213025990698691992e+00  5499040.064652848989 +3.8414997521625151e+02
2024-03-05T07:07:05.000 6.275208130067869483e+00 3.998250785590679257e+00  5497628.920732063241 -1.0203188811646842e+03
2024-03-05T07:07:15.000 8.744805394085584993e+00 5.027135111929997180e+00  5499176.470437701792 +5.9501661994304391e+02
2024-03-05T07:07:25.000 7.318352594999350202e+00 5.084248029273013891e+00  5498053.186649871059 -3.6820647965208309e+02
2024-03-05T07:07:35.000 5.691047437708878221e+00 4.320763100028353954e+00  5497983.283169043250 -1.5060129488962866e+02
2024-03-05T07:07:45.000 8.856844722484638055e+00 5.785313849583147316e+00  5497732.661077150144 +5.2654922489086118e+01
2024-03-05T07:09:15.000 6.838081988210594098e+00 4.228238006215399025e+00  5498181.602737327106 -5.3966487843067227e+02
2024-03-05T07:09:25.000 6.593412489049972791e+00 4.417506089173525829e+00  5499119.063298468478 +1.6658670328676590e+02
2024-03-05T07:09:35.000 7.318031166257156883e+00 4.870542451704895193e+00  5499425.607864490710 +5.4101435718971265e+02
2024-03-05T07:09:45.000 7.925382283873781297e+00 4.804680545935738678e+00  5498691.322738912888 -5.6446319776890505e+01
2024-03-05T07:09:55.000 6.210972596944298374e+00 3.690780084640630676e+00  5498114.781002612785 -5.3229940071204112e+02
2024-03-05T07:10:05.000 6.811657421841071702e+00 4.000972502785502094e+00  5498065.489124923013 -5.4047231388357091e+02
2024-03-05T07:10:15.000 7.600718876093600862e+00 4.791874774757788558e+00  5499051.239635998383 +4.4160653341079751e+02
2024-03-05T07:10:25.000 6.816296583817340604e+00 4.148391055007155437e+00  5499412.677740262821 +7.6414407206958185e+02
2024-03-05T07:10:35.000 8.119339844376023407e+00 5.006755595559265970e+00  5498086.364032163285 -6.7538500929070813e+02
2024-03-05T07:10:45.000 7.251876463220877866e+00 4.230883604616503035e+00  5499326.209869838320 +2.4576681311081074e+02
2024-03-05T07:12:15.000 7.226461937575489713e+00 4.610632321808265210e+00  5499087.123316018842 +5.3465550503196073e+02
2024-03-05T07:12:25.000 9.089918696178253654e+00 5.600501364931782966e+00  5497730.860854835249 -6.9176195433190810e+02
2024-03-05T07:12:35.000 7.908588295065789531e+00 4.969344993279317890e+00  5498171.826935049146 -1.7692686532777657e+01
2024-03-05T07:12:45.000 8.807631972879546467e+00 5.882391755181798132e+00  5498784.980625725351 +7.7323927828708634e+02
2024-03-05T07:12:55.000 6.826598657883173438e+00 4.498971334536566502e+00  5497680.172686600126 -2.8174238495523718e+02
2024-03-05T07:13:05.000 6.932815768272483581e+00 4.396149803289792324e+00  5498153.186709656380 +1.0696770110969271e+02
2024-03-05T07:13:15.000 6.094309575057678785e+00 4.098549634862902913e+00  5497655.686926901340 -5.6820272008683082e+02
2024-03-05T07:13:25.000 5.775169985342770929e+00 3.997319852390425421e+00  5497893.933515234850 -5.3279537835936503e+02
2024-03-05T07:13:35.000 6.647571475631743887e+00 4.271196828204917750e+00  5498740.936061676592 +1.6232484428466387e+02
2024-03-05T07:13:45.000 6.842353071048917990e+00 4.394659885519368814e+00  5498737.769045133144 +1.2277825123684261e+02
2024-03-05T07:13:55.000 5.148759416296707414e+00 3.815598067127638604e+00  5498776.978109659627 +2.7456946037954549e+02
2024-03-05T07:14:05.000 6.669076880981654298e+00 4.630029223656586090e+00  5498545.390421302058 +2.8739061674727964e+02
2024-03-05T07:14:15.000 6.950021924235376680e+00 4.640948352438979185e+00  5497567.468959830701 -4.0153145990286686e+02
2024-03-05T07:14:25.000 5.714684984893244390e+00 4.110659896268069602e+00  5498321.794499762356 +5.0953956174500593e+02
2024-03-05T07:14:35.000 8.270456868764989977e+00 5.030230486505284482e+00  5497787.008115759119 -2.8671511420254211e+02
2024-03-05T07:14:45.000 7.776342160873768172e+00 5.036991567285031834e+00  5499304.743625082076 +1.3675588742902914e+02
2024-03-05T07:16:15.000 7.115980718703286634e+00 5.142862593051564346e+00  5499264.413965540938 -5.7638544215695447e+01
2024-03-05T07:16:25.000 5.802821829776816820e+00 4.087533025941393561e+00  5499217.667524415068 -2.0129912345115213e+02
2024-03-05T07:16:35.000 6.425503080041568893e+00 4.420233445977859610e+00  5499249.164461296052 +3.2710274053123499e+02
2024-03-05T07:16:45.000 5.843386344473368688e+00 4.061575515457604979e+00  5498387.092305487022 +2.7613589857345460e+01
2024-03-05T07:16:55.000 5.013944213759844004e+00 3.890795549533446529e+00  5497877.231738636270 -1.3455354049589329e+02
2024-03-05T07:17:05.000 5.970669146882880973e+00 3.985434659651807543e+00  5497611.540606250055 -3.4284745729393762e+02
2024-03-05T07:17:15.000 5.401493717007187279e+00 3.895610253962369818e+00  5497969.363660923205 -1.3058141192692671e+02
2024-03-05T07:17:25.000 5.900821787338521140e+00 4.122942103260800017e+00  5499197.119952226058 +9.5634194337035751e+02
2024-03-05T07:17:35.000 9.961788736364423968e+00 5.922008869820128751e+00  5497815.397426689975 -2.7588719060335484e+02
2024-03-05T07:17:45.000 6.055057622922173977e+00 4.548877459629379061e+00  5497518.852306224406 +1.8850127229251052e+02
2024-03-05T07:19:15.000 6.825840322616190115e+00 4.723929006496480731e+00  5498436.516386282630 +2.8048531926325006e+02
2024-03-05T07:19:25.000 7.854851701596247793e+00 4.690830803026758922e+00  5497986.414686332457 +8.6474616545004665e+01
2024-03-05T07:19:35.000 6.421103259275517949e+00 4.518222561616232369e+00  5498657.414573380724 +6.3201714594888392e+02
2024-03-05T07:19:45.000 6.668378169343953665e+00 4.255824497836474762e+00  5497632.162708303891 -6.5511123927613426e+02
2024-03-05T07:19:55.000 7.698712324520845307e+00 4.590127056130286043e+00  5497581.692539468408 -9.5517364278529590e+02
2024-03-05T07:20:05.000 7.383946695800416293e+00 4.469073650004142806e+00  5499319.681152544916 +6.1668182766103678e+02
2024-03-05T07:20:15.000 8.387843778198355693e+00 5.053343268206286432e+00  5498919.579344002530 +1.4644923668244496e+02
2024-03-05T07:20:25.000 7.719960785741794673e+00 4.911120652673370834e+00  5499319.263882542029 +5.4481418569178413e+02
2024-03-05T07:20:35.000 5.570228416788380876e+00 3.919478604130868682e+00  5498506.803179292008 -2.4818341391161516e+02
2024-03-05T07:20:45.000 6.168142010352151594e+00 4.090024681375711957e+00  5499009.915753386915 +2.4520622781466841e+02
2024-03-05T07:20:55.000 6.367006673340564582e+00 4.466277342674144002e+00  5498057.352811715566 -7.7927753790639736e+02
2024-03-05T07:21:05.000 6.337763545897908912e+00 4.212169458327261751e+00  5498561.460420136340 -4.0644652436361184e+02
2024-03-05T07:21:15.000 6.826874537093974737e+00 4.663529127358889248e+00  5499361.304284676909 +2.6035817482304219e+02
2024-03-05T07:21:25.000 6.144601371088579178e+00 4.733970745898023580e+00  5499300.582576704212 +1.9607611386171129e+02
2024-03-05T07:21:35.000 6.546844644905256416e+00 4.023843282951262701e+00  5499021.947313690558 +2.6714597854321141e+02
2024-03-05T07:21:45.000 6.883139060085604832e+00 4.839195481180381897e+00  5497519.167313729413 -1.9743435625852231e+02
2024-03-05T07:23:15.000 6.878351394371237326e+00 4.149086589048719631e+00  5499287.115463608876 -8.2800682870247329e+00
2024-03-05T07:23:25.000 8.736475934588399994e+00 5.432857094417668620e+00  5498953.103188419715 -2.9291865258374173e+01
2024-03-05T07:23:35.000 5.311275094898264548e+00 3.971588153357444195e+00  5498967.864961099811 +2.3699033978303441e+02
2024-03-05T07:23:45.000 6.949689236664568170e+00 4.546066211332665752e+00  5498616.006726413034 -3.0436083683143806e+01
2024-03-05T07:23:55.000 6.550655000257261662e+00 4.490999628961708012e+00  5498366.747739564627 -3.7278285730708512e+02
2024-03-05T07:24:05.000 7.867174351271551735e+00 4.789221270049230483e+00  5499351.288848497905 +3.9990653101919565e+02
2024-03-05T07:24:15.000 5.870436212782450092e+00 4.213703601545022437e+00  5498785.151941477321 -3.9489468266648123e+02
2024-03-05T07:24:25.000 8.114544504291806959e+00 5.195466514757050902e+00  5499308.061607288197 +1.6941643935087995e+00
2024-03-05T07:24:35.000 7.635533117224946764e+00 4.710666678189328493e+00  5499265.847059424035 +4.5872128450967921e+01
2024-03-05T07:24:45.000 6.561383049221555019e+00 4.292712729489652546e+00  5498827.768272018991 -1.7508162222202145e+01
2024-03-05T07:28:15.000 6.718529486897957703e+00 4.185653215758530443e+00  5497822.753974791616 +2.7808398301954350e+02
2024-03-05T07:28:25.000 7.049616657441914569e+00 4.108968584655714018e+00  5497416.055354795419 -2.2422718365349772e+02
2024-03-05T07:28:35.000 6.547463128216462813e+00 4.236560323774500425e+00  5497487.911004518159 -4.3488203340865675e+02
2024-03-05T07:28:45.000 7.361884081983284034e+00 4.472889999821896723e+00  5498963.011893749237 +7.1909638870581853e+02
2024-03-05T07:28:55.000 6.431081249524360111e+00 3.922861636897008619e+00  5498180.096167479642 -2.5890803283573268e+02
2024-03-05T07:29:05.000 6.974948083068967186e+00 4.500386793159530718e+00  5497922.507172366604 -4.6136666908649477e+02
2024-03-05T07:29:15.000 6.698615075767057725e+00 4.315361319475655044e+00  5498393.678295321763 +3.4205848045000562e+02
2024-03-05T07:29:25.000 6.921317264529351476e+00 4.190991072416712981e+00  5497646.143909065984 +7.6705521860074214e+01
2024-03-05T07:29:35.000 6.244173264215972630e+00 4.549407408304586120e+00  5497123.706600419246 -1.5174031639989775e+02
2024-03-05T07:29:45.000 7.177575329822366790e+00 4.691374799015664898e+00  5497803.444835769013 +2.7940770445021599e+01
