# Observation conducted on 2023.10.19 at Tr rev. 2
# Base frequency: 8432.00 MHz BW: 2 kHz dF: 0.2 Hz dT: 10.0 s Nscans: 1
# Format: UTC Time     |    Signal-to-Noise     |      Spectral max      | Freq detection [Hz] |   Doppler noise [Hz]  |
# 
2023-10-19T14:09:05.000 4.131389247758918373e+02 2.088546152705161489e+02  4126641.084548354149 +2.3630335973848560e-02
2023-10-19T14:09:15.000 3.409458856007699410e+02 1.752406152789611440e+02  4126635.730731409509 -7.7546815362438792e-02
2023-10-19T14:09:25.000 3.765072454319905546e+02 1.791476999969316068e+02  4126630.581273547839 +1.2873064827431335e-02
2023-10-19T14:09:35.000 3.490231781134276616e+02 1.648354528649169879e+02  4126625.363583744038 +3.4762055965757099e-02
2023-10-19T14:09:45.000 3.268737130235667223e+02 1.742279857849829341e+02  4126620.075918935705 -3.8006288899623542e-03
2023-10-19T14:09:55.000 4.010711250602483915e+02 1.757491435686119132e+02  4126614.822646341752 +8.7026554436988590e-03
2023-10-19T14:10:05.000 4.346254852029450149e+02 1.969647645466823178e+02  4126609.544558472466 +1.7511975182969763e-02
2023-10-19T14:10:15.000 3.151097234111450121e+02 1.626955317996543045e+02  4126604.163845541887 -5.3468790993179027e-02
2023-10-19T14:10:25.000 4.097199553517659751e+02 1.938349261327731767e+02  4126598.869203933049 -1.6594505312468755e-02
2023-10-19T14:10:35.000 3.088558577962547815e+02 1.660834780012235967e+02  4126593.564571584109 +2.8225591222394542e-02
2023-10-19T14:10:45.000 4.344800000659623720e+02 1.958673980629065170e+02  4126588.129961853847 -4.5669272907503000e-02
2023-10-19T14:10:55.000 3.949477259717653510e+02 1.899660314339992908e+02  4126582.881652776618 +6.8466833012280404e-02
2023-10-19T14:11:05.000 3.222957109305455106e+02 1.477756552350723211e+02  4126577.456975499168 -4.4560412309238018e-03
2023-10-19T14:11:15.000 3.405674856976647789e+02 1.662749889322506647e+02  4126572.171347187366 +3.5638157732591935e-02
2023-10-19T14:11:25.000 3.834690047029211541e+02 1.831335735166160248e+02  4126566.803841923364 -5.0468634824483161e-02
2023-10-19T14:11:35.000 2.918355518462764735e+02 1.564637050311855262e+02  4126561.642277168576 +3.7668403965653852e-03
2023-10-19T14:11:45.000 1.919514578153442415e+02 1.034084668060583567e+02  4126556.550412687473 +3.7817069941525006e-02
2023-10-19T14:16:15.000 3.223872048713956815e+02 1.526787193343988065e+02  4126348.206963256467 -4.6394125591859847e-03
2023-10-19T14:16:25.000 2.769867877958607210e+02 1.461109552035127024e+02  4126342.850687589031 -2.1665633097427417e-03
2023-10-19T14:16:35.000 3.138530654998251066e+02 1.539961203856667282e+02  4126337.481160201132 -2.6684486582553291e-03
2023-10-19T14:16:45.000 3.036241968394747346e+02 1.759384316597074189e+02  4126332.126124749891 +1.9457749208868336e-02
2023-10-19T14:16:55.000 3.026007821681146766e+02 1.645177059645919826e+02  4126326.706182955299 -1.7106739027894946e-02
2023-10-19T14:17:05.000 3.004864603331198509e+02 1.507330571910935078e+02  4126321.347499622498 +1.2201433989957877e-02
2023-10-19T14:17:15.000 2.813342932176159366e+02 1.430604277286279284e+02  4126315.929199023172 -1.4677209157298421e-02
2023-10-19T14:17:25.000 2.455343210405548291e+02 1.233644895239044672e+02  4126310.561325923074 +1.1634735763777826e-02
2023-10-19T14:17:35.000 2.680231742851067338e+02 1.324734813687339852e+02  4126305.138721178751 -1.4074169512923618e-02
2023-10-19T14:17:45.000 2.541900441450609662e+02 1.284204528668671799e+02  4126299.775007630233 +2.2480366542254160e-02
2023-10-19T14:17:55.000 2.538709919719005370e+02 1.286322278253776972e+02  4126294.324230063241 -2.3182995866591227e-02
2023-10-19T14:18:05.000 2.596556910411536023e+02 1.400427434268604543e+02  4126288.952589016873 +1.7521260907074065e-02
2023-10-19T14:18:15.000 2.531756430839846814e+02 1.225555930256697650e+02  4126283.501246344298 -1.0850251605802441e-02
2023-10-19T14:18:25.000 2.188804905654118897e+02 1.115801002618782292e+02  4126278.099947087932 +2.5950731035209174e-02
2023-10-19T14:18:35.000 2.689969219706377430e+02 1.318320942857366447e+02  4126272.595447912812 -1.9608767791396531e-02
2023-10-19T14:18:45.000 1.646665839567589558e+02 7.664439820197870290e+01  4126267.146524663549 +1.8263275582285132e-02
2023-10-19T14:20:15.000 4.642313597939999308e+05 6.551866046354844912e+03  4126218.075621027034 +4.1968058335442038e-03
2023-10-19T14:20:25.000 7.230775264866724610e+05 5.929972173900177950e+03  4126212.574412666261 -6.3927948419859604e-03
2023-10-19T14:20:35.000 6.401901394288965967e+05 5.671826217987645578e+03  4126207.096900395583 +8.0020830195053350e-03
2023-10-19T14:20:45.000 6.667113725735581247e+05 5.760559084890369377e+03  4126201.601112570148 +8.4148925988074552e-03
2023-10-19T14:20:55.000 7.375910219868342392e+05 5.626959997192432638e+03  4126196.073602554854 -1.7373770503581909e-02
2023-10-19T14:21:05.000 7.365963314734150190e+05 5.906869201471536144e+03  4126190.590289285406 +6.6028673924165560e-03
2023-10-19T14:21:15.000 6.617178163538440131e+05 5.930754241003993229e+03  4126185.084870464168 +1.3509429202940737e-02
2023-10-19T14:21:25.000 6.334858342461866559e+05 5.969406486723916714e+03  4126179.536756846588 -1.7758852912720613e-02
2023-10-19T14:21:35.000 5.994033870092778234e+05 5.789149541060796764e+03  4126174.041346009821 +8.2961071658473884e-03
2023-10-19T14:21:45.000 6.596759300077701919e+05 5.911848951886701798e+03  4126168.504621210508 -1.0274197768467275e-03
2023-10-19T14:23:15.000 1.643813065107182467e+02 9.298723640674067781e+01  4126118.365571366623 +2.0276386611840280e-02
2023-10-19T14:23:25.000 2.300721628080232790e+02 1.035744248072167863e+02  4126112.760005667806 -1.5300492886012762e-02
2023-10-19T14:23:35.000 1.812079448185817228e+02 1.073218286528707353e+02  4126107.202647305559 +8.4905638099144198e-03
2023-10-19T14:23:45.000 1.928685250377624811e+02 9.396768152913743677e+01  4126101.613155399915 +7.3706552469730013e-03
2023-10-19T14:23:55.000 2.978389892395355218e+02 1.325079739926253239e+02  4126096.008221894037 -4.1185995561363598e-03
2023-10-19T14:24:05.000 2.281932506814912927e+02 1.191178417175104727e+02  4126090.427277674899 +1.2715822044810920e-02
2023-10-19T14:24:15.000 2.356693753473715844e+02 9.715629339401480991e+01  4126084.794930356555 -1.7219105487242814e-02
2023-10-19T14:24:25.000 2.355865891129007821e+02 1.370534069888846034e+02  4126079.220619950909 +1.6477977538102095e-02
2023-10-19T14:24:35.000 2.700830660035340429e+02 1.354804178312418514e+02  4126073.579816924408 -9.4743641174090953e-03
2023-10-19T14:24:45.000 2.301156882589766326e+02 1.066309662551138757e+02  4126067.977257620078 +1.0819823814586016e-02
2023-10-19T14:24:55.000 2.086420683608532727e+02 1.026371856388606716e+02  4126062.320413169917 -1.4472438366283313e-02
2023-10-19T14:25:05.000 1.809351443999171636e+02 9.610330038447128231e+01  4126056.692104378249 -2.6734188909358636e-03
2023-10-19T14:25:15.000 1.898927096602003814e+02 9.837056146574495585e+01  4126051.076761635020 +2.9290002702168749e-02
2023-10-19T14:25:25.000 1.739884550280154656e+02 9.168666706545266720e+01  4126045.370365610346 -2.5548206909206783e-02
2023-10-19T14:25:35.000 1.657918953496082963e+02 8.552050785693572266e+01  4126039.747409333941 +2.3936082583304596e-03
2023-10-19T14:25:45.000 2.070321188869814932e+02 9.802976845776788650e+01  4126034.103415701538 +1.3870624298988332e-03
2023-10-19T14:27:15.000 7.093950002771811560e+05 6.127548909874539277e+03  4125983.120960712433 +2.6856668339405587e-03
2023-10-19T14:27:25.000 6.978539871271639131e+05 6.035598727111548214e+03  4125977.418447706848 +8.5305184700246173e-04
2023-10-19T14:27:35.000 7.286555747212915448e+05 6.116273698671910097e+03  4125971.696195587981 -1.1572599079045176e-02
2023-10-19T14:27:45.000 7.010407866889435099e+05 6.100987517223187751e+03  4125966.010025087744 +1.4526312645784856e-02
2023-10-19T14:27:55.000 7.172809175718544284e+05 6.208604728399004671e+03  4125960.284658279270 +2.1478515623130079e-03
2023-10-19T14:28:05.000 7.034028349813168170e+05 6.140761371014335054e+03  4125954.553956954274 -1.3227640371042071e-02
2023-10-19T14:28:15.000 8.076277602987657301e+05 6.187572523339040345e+03  4125948.849656212609 +3.4594832414995835e-03
2023-10-19T14:28:25.000 6.458152221343121491e+05 6.180127608327036796e+03  4125943.122088334523 +5.9354823673629653e-03
2023-10-19T14:28:35.000 8.100378483824614668e+05 6.289636941170763748e+03  4125937.372066156939 -3.1599579272096889e-03
2023-10-19T14:28:45.000 7.737735580809287494e+05 6.271618467108962250e+03  4125931.625545369927 +7.5200540777586866e-04
2023-10-19T14:34:15.000 5.984476042345649330e+05 5.923289644293762649e+03  4125739.508993514348 -7.1549102646031315e-03
2023-10-19T14:34:25.000 6.326171114694895223e+05 5.848446951789906052e+03  4125733.608675470110 +2.4009267433484638e-03
2023-10-19T14:34:35.000 7.597271140676724026e+05 5.969403897698137371e+03  4125727.704431821126 +8.3864501649486556e-03
2023-10-19T14:34:45.000 7.114990975233546924e+05 6.153696415544049160e+03  4125721.768228422850 -1.3629891460254839e-02
2023-10-19T14:34:55.000 6.602755618320057401e+05 6.024793277796472466e+03  4125715.870872774161 +8.9452620096608371e-03
2023-10-19T14:35:05.000 4.935793275548066013e+05 6.456581755227153735e+03  4125709.933551548515 -2.3345088364976618e-03
2023-10-19T14:35:15.000 6.835680342916864902e+05 6.065381101282102463e+03  4125703.995222374331 -9.1658420241174099e-03
2023-10-19T14:35:25.000 7.130661238157437183e+05 5.641919113645812104e+03  4125698.084175163414 +1.5463518163528533e-02
2023-10-19T14:35:35.000 7.141921359140998684e+05 5.749698716860241802e+03  4125692.119887419045 -1.0472192941278990e-02
2023-10-19T14:35:45.000 7.599835859031566652e+05 5.771887128547823522e+03  4125686.192876918241 +2.2137018606827041e-03
2023-10-19T14:41:15.000 5.070448200525091961e+05 6.282000101688978248e+03  4125487.340149301104 -2.5397613393352003e-03
2023-10-19T14:41:25.000 6.693580996169818100e+05 6.144953333099424526e+03  4125481.246414467692 +4.0541413397932047e-03
2023-10-19T14:41:35.000 6.874594612864177907e+05 6.213898493662887631e+03  4125475.138181151822 +9.2183182971439237e-04
2023-10-19T14:41:45.000 7.448164782927451888e+05 6.243200671395396057e+03  4125469.011519317050 -1.0359635994177552e-02
2023-10-19T14:41:55.000 7.425291210331601324e+05 6.167227831395898647e+03  4125462.907886230852 +1.0565292199203213e-02
2023-10-19T14:42:05.000 7.575557576276134932e+05 6.116232077768738236e+03  4125456.762477574870 -5.3950472022279428e-03
2023-10-19T14:42:15.000 7.111904971277664881e+05 6.226858073986141790e+03  4125450.651276055723 +1.3692250128997330e-02
2023-10-19T14:42:25.000 7.300837832086172421e+05 6.203137636723467949e+03  4125444.486659783870 -2.0183797421736926e-02
2023-10-19T14:42:35.000 6.446953452518843114e+05 6.054160410733056779e+03  4125438.385257377755 +1.6300219274171468e-02
2023-10-19T14:42:45.000 6.915235372346488293e+05 5.886928256497153598e+03  4125432.203537528403 -3.1851602882397856e-03
2023-10-19T14:48:15.000 7.624973993949092692e+05 6.345098589458058086e+03  4125226.731637968682 +1.2513458282569445e-02
2023-10-19T14:48:25.000 7.301871076315798564e+05 6.339822476982027183e+03  4125220.399168334436 -4.2821468174452093e-03
2023-10-19T14:48:35.000 7.884499171185729792e+05 6.249399654738575009e+03  4125214.079649211839 -1.7053584080258588e-02
2023-10-19T14:48:45.000 7.233047156675517326e+05 6.130006146020474262e+03  4125207.810664092191 +1.3196615763490627e-02
2023-10-19T14:48:55.000 4.896251306041954667e+05 6.405545828869933757e+03  4125201.509946525563 +1.3618521688499641e-02
2023-10-19T14:49:05.000 6.948835962245065020e+05 6.078334934703003455e+03  4125195.189141564071 +6.9825623033921147e-03
2023-10-19T14:49:15.000 7.346729164873711998e+05 6.074121533515914962e+03  4125188.838162912987 -1.0257006537472080e-02
2023-10-19T14:49:25.000 7.765135319641394308e+05 6.126224334428187831e+03  4125182.489338481799 -1.0110235568845383e-02
2023-10-19T14:49:35.000 6.894609524800648214e+05 6.393150921976558493e+03  4125176.175278554205 +1.8523003059613075e-02
2023-10-19T14:49:45.000 6.280834008094641613e+05 5.771011140228230943e+03  4125169.858523802366 -6.7926533904483222e-03
2023-10-19T14:55:15.000 6.533456453212619526e+05 6.334109100426462646e+03  4124958.383433708455 +1.7424555544494069e-02
2023-10-19T14:55:25.000 7.355090253438971704e+05 6.193107348647931758e+03  4124951.858635829296 -1.5397652636579551e-02
2023-10-19T14:55:35.000 7.104393445327837253e+05 5.916386154540577991e+03  4124945.372680885717 -6.0398894358968391e-03
2023-10-19T14:55:45.000 7.510895876711339224e+05 6.279583775961506944e+03  4124938.904851676896 +2.2953868890795093e-02
2023-10-19T14:55:55.000 6.651366254455236485e+05 6.245509447126497435e+03  4124932.361323180143 -2.0116592054932880e-02
2023-10-19T14:56:05.000 7.491375247296413872e+05 6.424120325114556181e+03  4124925.872509576846 -1.5970783384773313e-03
2023-10-19T14:56:15.000 6.927233122688408475e+05 6.227348492016566524e+03  4124919.375883997418 +1.7504371341033220e-02
2023-10-19T14:56:25.000 8.837002572024870897e+05 6.259838009394533401e+03  4124912.823636472691 -1.3660943088098065e-02
2023-10-19T14:56:35.000 6.793065005378399510e+05 6.176022786550606725e+03  4124906.335224792827 +1.3932091549690995e-02
2023-10-19T14:56:45.000 6.793722900574273663e+05 6.292719727079439508e+03  4124899.827805257402 -3.2232282201221096e-03
2023-10-19T15:02:15.000 6.710755739151122980e+05 6.199949666331001026e+03  4124681.924846626818 +1.2821988111909377e-02
2023-10-19T15:02:25.000 7.222811761297993362e+05 6.101022551830931661e+03  4124675.218790363055 -1.5305375839261615e-02
2023-10-19T15:02:35.000 6.797297403734943364e+05 6.096203791579669087e+03  4124668.554605392274 -2.3777617287805697e-03
2023-10-19T15:02:45.000 7.257301051468368387e+05 6.200302961248273277e+03  4124661.902280733455 +2.3559324768712031e-02
2023-10-19T15:02:55.000 8.322389907106298488e+05 6.140086132722289221e+03  4124655.181948169135 -1.3710771192222637e-02
2023-10-19T15:03:05.000 8.839663832306681434e+04 5.600401133958402170e+03  4124648.473715223838 -3.0780181130694473e-02
2023-10-19T15:03:15.000 4.260446269057235913e+05 5.695637099305671654e+03  4124641.814174176659 +9.8551901138534959e-03
2023-10-19T15:03:25.000 7.545260024443840375e+05 6.208776188636069492e+03  4124635.100815632846 +2.1719274542419953e-03
2023-10-19T15:03:35.000 7.570466802442542976e+05 6.312613383787606836e+03  4124628.394905056339 -2.5416682792638312e-03
2023-10-19T15:03:45.000 6.896245126818261342e+05 6.476581509764479051e+03  4124621.719937302172 +7.3164088257726689e-04
2023-10-19T15:05:15.000 8.767068167188551797e+01 4.418120998351361806e+01  4124561.348047822248 +3.6275009242558554e-02
2023-10-19T15:05:25.000 1.177644025262330132e+02 5.690973484003169602e+01  4124554.642878580838 -5.2490618309093406e-03
2023-10-19T15:05:35.000 1.130702336153473766e+02 6.027100293138348519e+01  4124547.919913837686 -5.7841627450443411e-03
2023-10-19T15:05:45.000 1.172309609548118203e+02 5.818068599610574410e+01  4124541.187329095788 +1.7449458840360421e-02
2023-10-19T15:05:55.000 1.414307748014756783e+02 6.756234563809105964e+01  4124534.366353191435 -3.1916622640210335e-02
2023-10-19T15:06:05.000 9.614654898398960370e+01 5.128117039867723292e+01  4124527.623728141654 +1.8540330559062568e-03
2023-10-19T15:06:15.000 1.240970044784623667e+02 5.612801406732583587e+01  4124520.883330980316 +3.7017765889800103e-02
2023-10-19T15:06:25.000 1.422938863260408766e+02 6.859677908353575049e+01  4124514.077310946304 +4.2811972001572940e-03
2023-10-19T15:06:35.000 1.132472030743308267e+02 6.140367308273095404e+01  4124507.280499678105 -1.9995374548784639e-02
2023-10-19T15:06:45.000 1.228931931087426790e+02 6.184645288805796781e+01  4124500.534302003216 +8.8860057866213538e-03
2023-10-19T15:06:55.000 1.351273940306506915e+02 6.449061869454963869e+01  4124493.740951041225 -2.9907451555573061e-03
2023-10-19T15:07:05.000 1.213527035313007900e+02 5.655125166252492619e+01  4124486.913544011768 -3.9326747016502850e-02
2023-10-19T15:07:15.000 1.297075831785730600e+02 6.881537652746196443e+01  4124480.181079907343 +3.0222713338730500e-02
2023-10-19T15:07:25.000 1.403512993439498473e+02 6.671085404455239143e+01  4124473.347015713342 +7.3975994671400258e-03
2023-10-19T15:07:35.000 1.395401373146359845e+02 6.234574042574701025e+01  4124466.514342730399 -1.0797357827868836e-02
2023-10-19T15:07:45.000 7.783672056293627861e+01 4.033733423545120900e+01  4124459.724603363778 +5.7173265956862451e-03
2023-10-19T15:09:15.000 7.289596352713676170e+05 5.965053036392815557e+03  4124398.218538143206 +1.7854856007488706e-02
2023-10-19T15:09:25.000 7.996296219584627543e+05 6.423159538480507763e+03  4124391.332315140404 -2.2105808792844073e-02
2023-10-19T15:09:35.000 7.042362033509361790e+05 6.194384466373557188e+03  4124384.524349729531 +2.1524988554688207e-02
2023-10-19T15:09:45.000 7.370631114930468611e+05 6.275467544340343011e+03  4124377.630116987508 -1.7437811324953145e-02
2023-10-19T15:09:55.000 7.579401093505804893e+05 6.196023630882681573e+03  4124370.808178784326 +1.9086947510231767e-02
2023-10-19T15:10:05.000 6.745190117970912252e+05 6.165749036138538941e+03  4124363.911237569991 -1.5839311017316504e-02
2023-10-19T15:10:15.000 6.722113690808980027e+05 6.019594986864723978e+03  4124357.075755823869 +1.5104824675290729e-02
2023-10-19T15:10:25.000 6.815310746480969246e+05 6.298802593881019675e+03  4124350.165568763856 -2.3226269179190240e-02
2023-10-19T15:10:35.000 6.728869846023173304e+05 6.235057905482611204e+03  4124343.328352830838 +1.7683499558756921e-02
2023-10-19T15:10:45.000 6.257909972347802250e+05 6.116571566730719496e+03  4124336.420728107914 -5.2253720899670952e-03
2023-10-19T15:18:15.000 8.434851258572110673e+05 5.988938572327710972e+03  4124022.667222653516 -1.0628350917500029e-02
2023-10-19T15:18:25.000 8.726988585182148963e+05 6.154645406640031069e+03  4124015.643832433037 +2.3766926897110352e-02
2023-10-19T15:18:35.000 7.566541356289644027e+05 5.804349952560545717e+03  4124008.526311575901 -3.2766763524705311e-02
2023-10-19T15:18:45.000 7.620516175646205666e+05 6.081196256123838793e+03  4124001.499089257326 +1.2403728976437378e-02
2023-10-19T15:18:55.000 8.541156208463903749e+05 6.033958074806560035e+03  4123994.400925311726 -3.6769476821518765e-03
2023-10-19T15:19:05.000 8.851940828360483283e+05 6.119338289780625018e+03  4123987.324248627760 +4.9529596467436932e-03
2023-10-19T15:19:15.000 7.847071588247704785e+05 6.134563691346017549e+03  4123980.246647282038 +9.8296555859178625e-03
2023-10-19T15:19:25.000 8.092538661867988994e+05 5.876216095812631465e+03  4123973.133879612666 -2.3757914330417407e-02
2023-10-19T15:19:35.000 8.620232865770763019e+05 6.007397500596910504e+03  4123966.085718596820 +1.4243523892560006e-02
2023-10-19T15:19:45.000 8.907889024235652760e+05 5.637586030050667432e+03  4123958.949081702624 -3.0513602050632471e-03
2023-10-19T15:21:15.000 1.426167766579086162e+02 6.635403014153432366e+01  4123895.083023414481 +2.9966215840886434e-03
2023-10-19T15:21:25.000 1.422923636367079041e+02 8.224664027164402569e+01  4123887.901366197038 -1.3064897391814156e-02
2023-10-19T15:21:35.000 1.448494154295916303e+02 9.111205007277969514e+01  4123880.782887646463 +1.8884991948993957e-02
2023-10-19T15:21:45.000 1.759219874535328358e+02 9.326462525826397609e+01  4123873.598354609683 -2.4844431522637933e-02
2023-10-19T15:21:55.000 1.733483570563876128e+02 9.222236938388762439e+01  4123866.520211977419 +3.3559298796035364e-02
2023-10-19T15:22:05.000 1.640661750500793516e+02 8.721542214382365898e+01  4123859.332761090714 -1.6650443163030104e-02
2023-10-19T15:22:15.000 1.571773524734266800e+02 9.129322971543480492e+01  4123852.216322410386 +9.1426066139774775e-03
2023-10-19T15:22:25.000 1.732154399066627093e+02 8.382411922294097906e+01  4123845.047963322606 -8.5952772667496902e-03
2023-10-19T15:22:35.000 1.586747516963748126e+02 7.691931971721218986e+01  4123837.883921170607 -1.1365463603965509e-02
2023-10-19T15:22:45.000 1.541348430302898009e+02 7.697402741494791201e+01  4123830.745355963241 +2.2875055118106502e-02
2023-10-19T15:22:55.000 1.544807216563806094e+02 7.781254719076287074e+01  4123823.517142171971 -2.1735222185270686e-02
2023-10-19T15:23:05.000 1.349759330908094910e+02 6.691850307836772060e+01  4123816.356330088340 +9.2583624968938238e-03
2023-10-19T15:23:15.000 1.543980242649120100e+02 7.685305657927273160e+01  4123809.169086677954 +1.7326794864743533e-02
2023-10-19T15:23:25.000 1.178490482987410388e+02 6.588355685056055222e+01  4123801.949288307223 -1.0690569349890211e-02
2023-10-19T15:23:35.000 1.047068961735523231e+02 5.680773228260080288e+01  4123794.754287275486 -2.7060160187488691e-02
2023-10-19T15:23:45.000 9.879573517789711445e+01 5.231293615604118230e+01  4123787.644094905350 +1.5788211493031667e-02
2023-10-19T15:25:15.000 8.315030296546861064e+05 6.004623558650878294e+03  4123722.799765587784 +4.8334724283449759e-04
2023-10-19T15:25:25.000 9.112087855053518433e+05 5.901707064411511965e+03  4123715.581405395176 +7.3243871981958364e-03
2023-10-19T15:25:35.000 8.801314295566187939e+05 5.984164986239011341e+03  4123708.314650475979 -1.9282062937577393e-02
2023-10-19T15:25:45.000 9.015135761212935904e+05 5.784551302671881785e+03  4123701.101964554284 +7.8240071372874809e-03
2023-10-19T15:25:55.000 8.408777555945175700e+05 5.769290517965855543e+03  4123693.881180338096 +2.3217508713742063e-02
2023-10-19T15:26:05.000 8.580365297556272708e+05 6.000906956680049916e+03  4123686.595194641501 -2.6516078401755294e-02
2023-10-19T15:26:15.000 8.438861001194608398e+05 5.838982117613698392e+03  4123679.379470282700 -3.7826503171345394e-04
2023-10-19T15:26:25.000 7.947418464098254917e+05 5.902544349686073474e+03  4123672.148790317122 +1.8697230818816024e-02
2023-10-19T15:26:35.000 7.522411551641937112e+05 5.723188890559532410e+03  4123664.865856468212 -1.2656543379534924e-02
2023-10-19T15:26:45.000 7.774285214847814059e+05 5.983855302289260180e+03  4123657.646908346098 +2.2799917948077564e-03
2023-10-19T15:28:15.000 1.445808403706237470e+02 7.384022077779756899e+01  4123592.026486001443 +1.7338324766114965e-02
2023-10-19T15:28:25.000 1.178043654630708659e+02 6.947491530734035337e+01  4123584.723927577026 +1.3438127546123724e-02
2023-10-19T15:28:35.000 1.762775792736966594e+02 7.885320180605162932e+01  4123577.385128951166 -2.8702142534370978e-02
2023-10-19T15:28:45.000 1.499305457961103514e+02 7.123864816895998331e+01  4123570.142910439987 +2.5511096398759037e-02
2023-10-19T15:28:55.000 1.439544401107132785e+02 6.980412889086457540e+01  4123562.805871535558 -1.3488953058072184e-02
2023-10-19T15:29:05.000 1.484993760543041219e+02 7.108001136862364433e+01  4123555.530016823672 +1.2058897381848510e-02
2023-10-19T15:29:15.000 1.127615697298616197e+02 6.277554122198189646e+01  4123548.218884192873 +7.2344746251928882e-03
2023-10-19T15:29:25.000 1.318604058355833786e+02 6.967180874001597601e+01  4123540.896769534796 -2.4766138778886670e-03
2023-10-19T15:29:35.000 1.535271184705059682e+02 7.770512174627511115e+01  4123533.586915427353 +6.8681498249816286e-03
2023-10-19T15:29:45.000 1.567623716161903644e+02 7.325877007990447964e+01  4123526.230376682710 -2.3603813919976346e-02
2023-10-19T15:29:55.000 1.480876928976051943e+02 7.371988386844114416e+01  4123518.937210844364 +1.5472758527380392e-02
2023-10-19T15:30:05.000 1.421597284703737785e+02 7.663902658975715099e+01  4123511.568579445593 -1.6335322053578238e-02
2023-10-19T15:30:15.000 1.561908127737849270e+02 7.127499395817457639e+01  4123504.270737262443 +2.4591999360382033e-02
2023-10-19T15:30:25.000 1.384940237751601728e+02 6.740120050598986268e+01  4123496.895475490950 -1.3766358178941118e-02
2023-10-19T15:30:35.000 1.514277458963503307e+02 7.588878721309802700e+01  4123489.575734341051 -3.5975709972717596e-03
2023-10-19T15:30:45.000 1.472484375019510594e+02 7.251184068180012332e+01  4123482.265465606935 +2.4701030894220821e-03
2023-10-19T15:32:15.000 9.471947807556653861e+05 6.328404417836329230e+03  4123416.025043364149 -1.2073778798367130e-03
2023-10-19T15:32:25.000 8.750714759652039502e+05 6.367164928101179612e+03  4123408.648535002023 -4.3064750366283988e-04
2023-10-19T15:32:35.000 8.900480565532436594e+05 6.133643969591193127e+03  4123401.260972625576 +1.9087299674538372e-03
2023-10-19T15:32:45.000 8.114261504783994751e+05 5.726525176030949297e+03  4123393.864086059388 +2.6530656027716759e-03
2023-10-19T15:32:55.000 6.884092876929213526e+05 6.333194061761401827e+03  4123386.454866653308 -5.6979745806984283e-03
2023-10-19T15:33:05.000 7.714466186474250862e+05 6.130809245596548863e+03  4123379.056024194695 -3.7581090099365611e-03
2023-10-19T15:33:15.000 8.158862341809405480e+05 5.739712749564622754e+03  4123371.664353023749 +3.8840249051190767e-03
2023-10-19T15:33:25.000 8.775859958589404123e+05 5.693222023672468822e+03  4123364.264317379799 +3.0225678642636922e-03
2023-10-19T15:33:35.000 8.448627434497612994e+05 5.917560284748885351e+03  4123356.852928320412 -4.5162931887716695e-03
2023-10-19T15:33:45.000 8.338174960881437873e+05 6.314077697900970634e+03  4123349.441201929469 +1.3562347442075406e-03
2023-10-19T15:35:16.000 1.105519610077251969e+02 5.394720462642473535e+01  4123282.029152122792 +3.1054957991045740e-03
2023-10-19T15:35:26.000 1.427372301499447644e+02 7.963088317034704744e+01  4123274.621759809554 +5.1371275100109415e-03
2023-10-19T15:35:36.000 1.322509517768918670e+02 6.643880839700625529e+01  4123267.161164242774 -1.1483237303878013e-02
2023-10-19T15:35:46.000 8.273336276647965803e+01 4.539284781720743922e+01  4123259.726501656231 +1.5481763605180276e-02
2023-10-19T15:35:56.000 1.121400702692861131e+02 5.429483758217691758e+01  4123252.245514804032 +2.3286902843437929e-03
2023-10-19T15:36:06.000 1.286618053639543291e+02 7.274591279057774784e+01  4123244.764817180112 -1.1159203988995614e-02
2023-10-19T15:36:16.000 1.375090895419171488e+02 6.162744568182672111e+01  4123237.319266444072 +6.8247194362811570e-03
2023-10-19T15:36:26.000 9.465969548589346516e+01 4.580990558133891710e+01  4123229.857128967531 +4.4383016521578611e-03
2023-10-19T15:36:36.000 1.013634543449783649e+02 5.002147908822121991e+01  4123222.402087986469 +7.3620112513026470e-03
2023-10-19T15:36:46.000 1.223429661051419117e+02 5.892747475464584994e+01  4123214.929319326300 -5.9620624427907387e-03
2023-10-19T15:36:56.000 1.012072695078080216e+02 5.335502765061827546e+01  4123207.466838099528 -3.8202399064175552e-03
2023-10-19T15:37:06.000 9.955098514701249712e+01 4.889447417252217321e+01  4123199.995126069058 -2.4366194388676377e-03
2023-10-19T15:37:16.000 1.128107061111654588e+02 6.053589375289014640e+01  4123192.515402929857 +1.4614758426887420e-03
2023-10-19T15:37:26.000 1.091788097298582016e+02 6.613939282263686437e+01  4123185.024561062921 +4.7415233809715573e-03
2023-10-19T15:37:36.000 1.479009513425628484e+02 7.506456986846691848e+01  4123177.517030897550 -1.1055673625151030e-03
2023-10-19T15:37:46.000 9.035277142271768014e+01 5.119167725817686687e+01  4123170.015075010713 -5.0808563935333950e-04
2023-10-19T15:39:15.000 9.260162137445218395e+05 6.385918683463897651e+03  4123103.139635438565 -3.3308953313735401e-03
2023-10-19T15:39:25.000 8.557074943311478710e+05 6.267164696767377791e+03  4123095.616112528834 +3.9221233651005605e-03
2023-10-19T15:39:35.000 9.016015664581792662e+05 6.139872218531873841e+03  4123088.078247632831 +2.5621307863730181e-03
2023-10-19T15:39:45.000 8.452058486556833377e+05 6.215044575568318578e+03  4123080.533792339265 -6.8427596514766265e-03
2023-10-19T15:39:55.000 7.615740754256877117e+05 6.427977580708116875e+03  4123073.010238451418 +9.8843029331874277e-04
2023-10-19T15:40:05.000 9.761829941890316550e+05 6.042553429831992617e+03  4123065.483313566539 +3.1659304399909161e-03
2023-10-19T15:40:15.000 9.422960482742049498e+05 6.199244073428867523e+03  4123057.948054156266 -1.6769000255862920e-03
2023-10-19T15:40:25.000 8.976478977062006015e+05 6.153549274703384071e+03  4123050.413269385230 -2.9894670171870530e-04
2023-10-19T15:40:35.000 9.010505412054366898e+05 6.048103708102070414e+03  4123042.868005857803 +2.3420695526965574e-04
2023-10-19T15:40:45.000 8.293482438857548404e+05 5.998573215182468630e+03  4123035.310387780890 +1.1245226346545678e-05
2023-10-19T15:46:16.000 8.312467365832162322e+05 6.062891761770498306e+03  4122783.791237384081 +1.1523602290708368e-03
2023-10-19T15:46:26.000 6.251375772073129192e+05 6.086757308629051295e+03  4122776.119215472136 -1.0810171092998644e-03
2023-10-19T15:46:36.000 8.082157453941152198e+05 5.753764550923831848e+03  4122768.446085724980 -9.8286151001047983e-04
2023-10-19T15:46:46.000 8.193696153789111413e+05 6.086302541206969181e+03  4122760.769763002638 -6.4605681927787373e-05
2023-10-19T15:46:56.000 7.433406134903448401e+05 5.965064440495572853e+03  4122753.091406001244 +2.3401258901003530e-03
2023-10-19T15:47:06.000 7.425439505438442575e+05 5.852780157665969455e+03  4122745.404753874987 -1.0552618085739596e-03
2023-10-19T15:47:16.000 5.802146706748191500e+05 6.399341378582535981e+03  4122737.721350975800 +2.6700765442910779e-04
2023-10-19T15:47:26.000 9.027245029436477926e+05 5.876671116835384055e+03  4122730.034227613360 -1.1575560004075669e-03
2023-10-19T15:47:36.000 8.994905495815861505e+05 6.019130967341286123e+03  4122722.349374137819 +1.2309731334880780e-03
2023-10-19T15:47:46.000 8.836441743743878324e+05 6.119314604006397531e+03  4122714.656823844183 -3.6755450082637253e-04
