# Observation conducted on 2023.10.19 at Hh rev. 2
# Base frequency: 8432.00 MHz BW: 2 kHz dF: 0.2 Hz dT: 10.0 s Nscans: 1
# Format: UTC Time     |    Signal-to-Noise     |      Spectral max      | Freq detection [Hz] |   Doppler noise [Hz]  |
# 
2023-10-19T14:20:05.000 1.485839556235304917e+04 3.623780483406991152e+03  4124426.712902054656 +2.4063471596491581e-04
2023-10-19T14:20:15.000 1.278511274025205967e+04 3.478647353930474310e+03  4124418.739442313556 -8.6375636965385638e-04
2023-10-19T14:20:25.000 1.524593157250641889e+04 3.469682406453322983e+03  4124410.763939579949 -1.7975867990571714e-04
2023-10-19T14:20:35.000 1.373599816075381932e+04 3.464758218554952236e+03  4124402.785734872334 +2.0905167663158863e-03
2023-10-19T14:20:45.000 1.287282738118102679e+04 3.482727279389950581e+03  4124394.796819004230 -1.2254810848162379e-03
2023-10-19T14:20:55.000 1.410736848824915432e+04 3.422506071363235151e+03  4124386.804940375034 -1.6213160052984676e-03
2023-10-19T14:21:05.000 1.469278916281480087e+04 3.314603207774026032e+03  4124378.810885698069 +1.9107977258272513e-03
2023-10-19T14:21:15.000 1.339749714275965562e+04 3.385182416102581556e+03  4124370.804151149932 -1.9072162048132668e-03
2023-10-19T14:21:25.000 1.314965374545289160e+04 3.252453437774302984e+03  4124362.802375728730 +2.3356971091743617e-03
2023-10-19T14:21:35.000 1.388826979019466489e+04 3.111618523042804100e+03  4124354.793576501310 -1.4833944311476444e-03
2023-10-19T14:21:45.000 1.420543759143776879e+04 3.205032905429688981e+03  4124346.797992123291 +3.6374946853356960e-04
2023-10-19T14:27:15.000 1.228365043431955201e+04 3.107259405289573806e+03  4124080.128615673166 -7.8265462991566892e-04
2023-10-19T14:27:25.000 1.168337211165285044e+04 3.038100564602767008e+03  4124071.982638854068 +2.8248479134163063e-04
2023-10-19T14:27:35.000 1.076088569748790724e+04 3.010014271796880621e+03  4124063.832042787224 +1.5560480593421744e-03
2023-10-19T14:27:45.000 1.031297860678630605e+04 3.009652341395532858e+03  4124055.672892889008 -1.1741998742991200e-03
2023-10-19T14:27:55.000 1.027376827184308058e+04 2.945262071263602138e+03  4124047.512771134730 -7.4819300732542615e-04
2023-10-19T14:28:05.000 1.099944629159134092e+04 2.930327976491232675e+03  4124039.349238817114 +4.1854279288600083e-05
2023-10-19T14:28:15.000 1.107341178286581089e+04 2.956856010163734481e+03  4124031.181756380480 +5.8393488063757104e-04
2023-10-19T14:28:25.000 1.180682937635231610e+04 3.051991280619585268e+03  4124023.009471262340 +4.4674944774669711e-04
2023-10-19T14:28:35.000 1.102246192986574169e+04 3.134162730845845999e+03  4124014.830723860301 -9.0166919233070075e-04
2023-10-19T14:28:45.000 1.153957704140669011e+04 3.119797232512666142e+03  4124006.647193657700 +2.6482626333290682e-04
2023-10-19T14:34:15.000 1.141872774533873235e+04 2.980464419662185719e+03  4123734.521126077976 -9.0315947886665526e-05
2023-10-19T14:34:25.000 1.122556295421951836e+04 3.063792429605103735e+03  4123726.214434815105 -8.6201758676907048e-05
2023-10-19T14:34:35.000 1.086033514150747396e+04 3.097856601641387897e+03  4123717.904391412623 +7.8225436800494208e-04
2023-10-19T14:34:45.000 1.204968557097512166e+04 3.149983445489229780e+03  4123709.586241844110 -9.6665517332894524e-04
2023-10-19T14:34:55.000 1.073156336804335479e+04 3.063745492049421046e+03  4123701.265593967866 +5.0573385965435591e-04
2023-10-19T14:35:05.000 1.100399771275667445e+04 3.003470416765186201e+03  4123692.938099359162 +3.8804794951374788e-04
2023-10-19T14:35:15.000 1.173581667293204191e+04 2.991277814774701710e+03  4123684.605582043063 -3.0461745529919426e-04
2023-10-19T14:35:25.000 1.166629779785810570e+04 2.947720129925327001e+03  4123676.270345902070 -7.5525853389990516e-05
2023-10-19T14:35:35.000 1.123235914453119403e+04 3.012925828111262945e+03  4123667.931924607139 +1.5140082109610375e-04
2023-10-19T14:35:45.000 1.097609512250926855e+04 3.052567769790829061e+03  4123659.589659479912 -4.2789958570210729e-05
2023-10-19T14:41:15.000 1.095904056792331176e+04 3.040870410671180707e+03  4123382.257004439365 -7.9086574567099888e-04
2023-10-19T14:41:25.000 1.061707462707543709e+04 3.081414642884320529e+03  4123373.791894693393 +7.2323573886023951e-04
2023-10-19T14:41:35.000 1.090319591192007829e+04 3.080124573119062006e+03  4123365.324373315088 +8.2002465785535605e-04
2023-10-19T14:41:45.000 1.273834807741675104e+04 3.035118094647350972e+03  4123356.852043106686 -1.0583338602145886e-03
2023-10-19T14:41:55.000 1.211188792665299115e+04 3.099927408608227324e+03  4123348.378456653561 +1.6943486218679027e-04
2023-10-19T14:42:05.000 1.085883867621866739e+04 3.080539471682452586e+03  4123339.898124775384 +1.1279832961008651e-06
2023-10-19T14:42:15.000 9.938587229677505093e+03 2.981041794325774390e+03  4123331.413993435446 +1.5969349173019509e-03
2023-10-19T14:42:25.000 1.085755088451782649e+04 2.989066632446986659e+03  4123322.920258198865 -1.6371497146110414e-03
2023-10-19T14:42:35.000 1.206080262134677650e+04 3.007037075464477311e+03  4123314.429236989468 +5.9239865402105352e-04
2023-10-19T14:42:45.000 1.167620089146537066e+04 3.035391936536661433e+03  4123305.936035885476 -9.8616935019890661e-05
2023-10-19T14:48:15.000 1.011880012828676081e+04 2.905564626000360022e+03  4123023.673301964533 +7.7088553541670990e-04
2023-10-19T14:48:25.000 1.189254037921059353e+04 2.912776360771541931e+03  4123015.056875695474 -4.6587943518261454e-04
2023-10-19T14:48:35.000 1.166600393276145223e+04 2.910437893213185362e+03  4123006.440939837601 -7.4710526371291053e-04
2023-10-19T14:48:45.000 1.156064575606824110e+04 2.990021366366265738e+03  4122997.825870139524 +1.1729236044857316e-03
2023-10-19T14:48:55.000 1.106314413823079667e+04 3.033180287820918693e+03  4122989.205864811316 +5.8119849256854650e-04
2023-10-19T14:49:05.000 1.157740984959785055e+04 3.063882490047928513e+03  4122980.580703468993 -1.5293036724415288e-03
2023-10-19T14:49:15.000 1.061101504556463806e+04 3.072290817575620622e+03  4122971.954612455331 +3.1146996718689479e-04
2023-10-19T14:49:25.000 1.102658539239204038e+04 3.015304255496891983e+03  4122963.321266565472 +9.5814213477751764e-04
2023-10-19T14:49:35.000 1.049191505879554461e+04 2.981072729934538529e+03  4122954.678481703158 -7.5167274110299331e-04
2023-10-19T14:49:45.000 1.057269792834963300e+04 3.077017507080910491e+03  4122946.030459181871 +1.5270407891421200e-04
2023-10-19T14:55:15.000 1.065113810318596734e+04 2.981100829889927354e+03  4122659.104403271340 -1.6683057533555257e-03
2023-10-19T14:55:25.000 1.073208214300864893e+04 2.989392136100610060e+03  4122650.357116072439 +1.1928248492267812e-03
2023-10-19T14:55:35.000 1.062269294051502948e+04 3.047192521785251301e+03  4122641.602456590161 +9.5369850430415681e-04
2023-10-19T14:55:45.000 1.151601656099453430e+04 3.015915838166029971e+03  4122632.844568035100 -2.8577500211213192e-04
2023-10-19T14:55:55.000 1.207288924232419231e+04 3.027938338082365590e+03  4122624.085334494244 -1.2492095601146502e-03
2023-10-19T14:56:05.000 1.205518834748387417e+04 3.049925221993015384e+03  4122615.326326055918 +1.6034777866025252e-04
2023-10-19T14:56:15.000 1.029176543642531942e+04 2.991603842997905303e+03  4122606.563303429168 +1.0639975100730226e-03
2023-10-19T14:56:25.000 9.441409288576409381e+03 2.898304107431938064e+03  4122597.793632796966 +7.2080908660154819e-04
2023-10-19T14:56:35.000 1.051656917832393628e+04 2.924826546752940885e+03  4122589.014807865024 -1.2511679035469569e-03
2023-10-19T14:56:45.000 1.111172326897414314e+04 2.789201962949188328e+03  4122580.229996641167 +3.7084062194026046e-04
2023-10-19T15:02:15.000 1.152717436327524047e+04 3.019456046046539541e+03  4122288.905219560489 +1.1958840404986404e-03
2023-10-19T15:02:25.000 1.061290200740403088e+04 3.022965507726313263e+03  4122280.021045813337 -1.2737631319623688e-03
2023-10-19T15:02:35.000 1.046474169331657140e+04 3.018970965199185230e+03  4122271.138186488766 -6.5294466617160651e-04
2023-10-19T15:02:45.000 1.067365997276818234e+04 2.922807846563106523e+03  4122262.253343928140 +7.7100319640521775e-04
2023-10-19T15:02:55.000 1.054307047822193636e+04 2.923636848283501422e+03  4122253.364228691440 +7.9432679467572598e-04
2023-10-19T15:03:05.000 1.012423555261011461e+04 2.851387498241082085e+03  4122244.471972025931 +1.5118465785235458e-04
2023-10-19T15:03:15.000 1.042355717149200245e+04 2.809204272696994394e+03  4122235.576084060129 -2.0862947942532628e-03
2023-10-19T15:03:25.000 1.106187299096203060e+04 2.976227437826070400e+03  4122226.683882654179 +1.3627007091372434e-03
2023-10-19T15:03:35.000 1.073596904930447818e+04 3.002425741118007863e+03  4122217.783842287492 -2.2158154251883388e-04
2023-10-19T15:03:45.000 1.068846386272014388e+04 2.897797702685077638e+03  4122208.880657551810 -5.4103114280223963e-05
2023-10-19T15:09:15.000 1.026762154641423513e+04 2.862886601995527599e+03  4121913.426563072018 +1.9529043614738839e-03
2023-10-19T15:09:25.000 9.388539585465901837e+03 2.916670228692874389e+03  4121904.420735470019 -1.7716982470119547e-03
2023-10-19T15:09:35.000 1.113806316302134655e+04 2.940821645552760856e+03  4121895.415448999032 -1.1076951235509114e-03
2023-10-19T15:09:45.000 9.881009513026152490e+03 2.913576479648307213e+03  4121886.410039314069 +1.7968577010378795e-03
2023-10-19T15:09:55.000 1.010710069088347518e+04 2.797032731591890752e+03  4121877.397821194492 -4.4939514634734223e-04
2023-10-19T15:10:05.000 1.119137136140603980e+04 2.950926573381650542e+03  4121868.387989209965 +1.2931445105550665e-03
2023-10-19T15:10:15.000 1.229937299477753550e+04 3.036746871241953158e+03  4121859.372102644295 -9.4646368120265834e-04
2023-10-19T15:10:25.000 1.136259498284826623e+04 2.891259814463412567e+03  4121850.355430450756 -1.0311576437516123e-03
2023-10-19T15:10:35.000 1.155428741423997599e+04 2.970913150816503730e+03  4121841.337222810835 +1.4292719362174466e-03
2023-10-19T15:10:45.000 1.097433504367738351e+04 3.008128449310018823e+03  4121832.309281046968 -4.7831954680077615e-04
2023-10-19T15:18:15.000 1.011426770099695386e+04 2.830116495842165477e+03  4121423.455179197248 -1.4282752795224951e-03
2023-10-19T15:18:25.000 1.004450832936532788e+04 2.952622799121323624e+03  4121414.314429217018 +2.5376996061368118e-03
2023-10-19T15:18:35.000 1.148777861659909649e+04 2.990914997727374612e+03  4121405.163733666763 -1.0141134573586896e-03
2023-10-19T15:18:45.000 1.025753409951344292e+04 2.957495313493192953e+03  4121396.014562363271 -8.0685441344030551e-04
2023-10-19T15:18:55.000 9.226867836431412798e+03 2.863980289444383743e+03  4121386.863818856422 +5.2486256424799649e-04
2023-10-19T15:19:05.000 9.382348096943023847e+03 2.725932765067411310e+03  4121377.709019931033 +1.1240581088713952e-03
2023-10-19T15:19:15.000 9.086638150919479813e+03 2.833242529354821727e+03  4121368.548583936878 -2.9067544346617069e-04
2023-10-19T15:19:25.000 1.066529823350852530e+04 2.834004079544237811e+03  4121359.385817262344 -9.2909677164243476e-04
2023-10-19T15:19:35.000 1.014859338766382643e+04 2.881918126517471137e+03  4121350.224164088722 +8.3004593057012244e-04
2023-10-19T15:19:45.000 1.049179452017630138e+04 2.958144783724887475e+03  4121341.062078041956 -1.7972663920318155e-04
2023-10-19T15:25:15.000 1.059993300897399240e+04 2.960378332210892040e+03  4121037.243824603967 -8.3405812245018751e-04
2023-10-19T15:25:25.000 1.139437697100131481e+04 3.028773656734296765e+03  4121027.997112127487 +2.7086844283985556e-04
2023-10-19T15:25:35.000 1.046033441253077217e+04 2.925655414860925703e+03  4121018.747604815289 +9.9931159786592616e-04
2023-10-19T15:25:45.000 1.018723425190751914e+04 2.840031789460243090e+03  4121009.493641905952 -2.9775135203635728e-04
2023-10-19T15:25:55.000 1.015223540184498961e+04 2.808786210778420354e+03  4121000.238254054915 -1.0436573040806252e-03
2023-10-19T15:26:05.000 9.834512418792855897e+03 2.827844816140272087e+03  4120990.983138811309 -8.9108941438098554e-05
2023-10-19T15:26:15.000 9.873042054544064740e+03 2.849890728434081211e+03  4120981.726751299575 +7.4998163961481623e-04
2023-10-19T15:26:25.000 8.431330061611373822e+03 2.757589461087413383e+03  4120972.468164476100 +9.2422061231900443e-04
2023-10-19T15:26:35.000 1.258670470776136790e+04 2.879239346130617378e+03  4120963.204872197006 -6.7472780540356325e-04
2023-10-19T15:26:45.000 1.200821531482149112e+04 2.996053587583881381e+03  4120953.938364178874 +2.3229614964748180e-04
2023-10-19T15:32:15.000 1.069283470967741232e+04 2.921105138352703307e+03  4120646.935596934054 +3.5722970721963065e-04
2023-10-19T15:32:25.000 1.079522869761160837e+04 2.926479708954758280e+03  4120637.595417664386 -6.2782680959116988e-04
2023-10-19T15:32:35.000 1.066559068695118367e+04 2.919287973864076775e+03  4120628.254252295010 +6.2239484145720780e-04
2023-10-19T15:32:45.000 9.437111906845677368e+03 2.894962230525478390e+03  4120618.909109753557 -5.1542225037337630e-05
2023-10-19T15:32:55.000 9.771935723678094291e+03 2.947907014708011502e+03  4120609.561890479643 -1.3076983673272480e-03
2023-10-19T15:33:05.000 1.147003867831575553e+04 2.927814552409930911e+03  4120600.217135327403 +1.3441265467690755e-03
2023-10-19T15:33:15.000 1.110791273721582365e+04 2.928834599984639681e+03  4120590.866235589143 -3.4960918117121764e-04
2023-10-19T15:33:25.000 1.032732364764770682e+04 2.952619848167267264e+03  4120581.514015600085 -9.0560327441835398e-04
2023-10-19T15:33:35.000 1.001923101911513913e+04 2.972097252873674279e+03  4120572.160776575562 +8.3810458693278633e-04
2023-10-19T15:33:45.000 9.758567386849235845e+03 2.913023355854958027e+03  4120562.800459497608 -2.1700176682770689e-04
2023-10-19T15:39:15.000 9.917793016670766519e+03 2.951121882110932347e+03  4120252.901741111185 -1.2643180385794039e-03
2023-10-19T15:39:25.000 1.162738398468702326e+04 2.915638520917303140e+03  4120243.482499277219 +1.8252683823902771e-03
2023-10-19T15:39:35.000 9.647263396439875578e+03 2.786606096108700058e+03  4120234.050718443003 -1.9929289624087687e-03
2023-10-19T15:39:45.000 8.744272099657997387e+03 2.810613130304136121e+03  4120224.621499866713 -4.0647632658874500e-04
2023-10-19T15:39:55.000 9.333377693848437048e+03 2.745341023264072192e+03  4120215.191373027395 +1.0836332241979107e-03
2023-10-19T15:40:05.000 1.058555141682848080e+04 2.910550794838503862e+03  4120205.759113960899 +1.5338287641952775e-04
2023-10-19T15:40:15.000 1.164524946195159100e+04 2.989639024277211320e+03  4120196.327536990400 -3.8046679833314556e-04
2023-10-19T15:40:25.000 1.098272364566729630e+04 2.878560604371158661e+03  4120186.895835242234 -4.7796282501622045e-05
2023-10-19T15:40:35.000 1.028377595393971023e+04 2.799999532992264903e+03  4120177.460360443685 +2.2674181104775926e-04
2023-10-19T15:40:45.000 8.768197194693613710e+03 2.808282935463358626e+03  4120168.016233546194 -9.3587949663742620e-05
2023-10-19T15:46:15.000 9.728754927336860419e+03 2.914139947952508464e+03  4119855.522782507818 -6.0859601035190281e-05
2023-10-19T15:46:25.000 9.633427044025120267e+03 2.878691355508534343e+03  4119846.022294468712 -7.2233928494824795e-04
2023-10-19T15:46:35.000 1.161991622935046507e+04 2.908041294817266134e+03  4119836.524008117151 +1.3551148275610103e-03
2023-10-19T15:46:45.000 9.973233441526750539e+03 2.813598196410648598e+03  4119827.019471902400 -1.2898874208531197e-03
2023-10-19T15:46:55.000 9.447204470385529930e+03 2.763831554600138588e+03  4119817.515617232770 -1.1342802459921586e-03
2023-10-19T15:47:05.000 9.073007266657279615e+03 2.767090521046768117e+03  4119808.012678715866 +2.2836630557776516e-03
2023-10-19T15:47:15.000 9.970578153786529583e+03 2.684126409386457908e+03  4119798.501212691423 -5.8317379296113359e-04
2023-10-19T15:47:25.000 9.597906810569204026e+03 2.825105097065191330e+03  4119788.990870955866 -4.8306356757166213e-04
2023-10-19T15:47:35.000 1.041715661337361962e+04 2.929772251501409301e+03  4119779.480049501173 +3.1726881502436299e-04
2023-10-19T15:47:45.000 9.515533317515239105e+03 2.734488653762676222e+03  4119769.967749231029 -7.2674441753406427e-05
