# Observation conducted on 2023.10.19 at Ef rev. 2
# Base frequency: 8432.00 MHz BW: 2 kHz dF: 0.2 Hz dT: 10.0 s Nscans: 1
# Format: UTC Time     |    Signal-to-Noise     |      Spectral max      | Freq detection [Hz] |   Doppler noise [Hz]  |
# 
2023-10-19T14:20:05.000 7.488332330394306919e+05 5.867694578715698299e+03  4127769.633893365040 -1.7621023630454147e-05
2023-10-19T14:20:15.000 1.069806526871006470e+06 8.555165361813598793e+03  4127763.906672557816 +7.4318688268704136e-04
2023-10-19T14:20:25.000 8.298379866398028098e+05 9.834720199337323720e+03  4127758.189554261975 -5.1788045346938816e-03
2023-10-19T14:20:35.000 1.350998797018631361e+06 1.082015181746441704e+04  4127752.488471034914 +2.7796395588666201e-03
2023-10-19T14:20:45.000 9.448629097433651332e+05 7.867733323597582057e+03  4127746.768818161450 -1.7860698725371549e-03
2023-10-19T14:20:55.000 7.237227061660693726e+05 5.081273303974432565e+03  4127741.042510749307 -3.7096690061844129e-03
2023-10-19T14:21:05.000 5.197261202379717142e+05 3.940377366566232467e+03  4127735.315010043792 +2.2538597473840127e-03
2023-10-19T14:21:15.000 7.157888342663489748e+05 4.544923106904805536e+03  4127729.573912806343 +1.4992530656172676e-03
2023-10-19T14:21:25.000 8.147065847212442895e+05 5.824562200169396419e+03  4127723.828698755708 +7.9998948956472304e-04
2023-10-19T14:21:35.000 6.438513544113641838e+05 4.593530759969929932e+03  4127718.078387651127 -2.5530388546712857e-03
2023-10-19T14:21:45.000 5.352788284742060350e+05 3.532135055635486879e+03  4127712.331997689791 +1.1884529657208986e-03
2023-10-19T14:27:15.000 6.674920427727628266e+05 4.128734197991172550e+03  4127519.086696649902 +2.6062920446747739e-03
2023-10-19T14:27:25.000 8.472923149998516310e+05 7.502811987701044927e+03  4127513.126850044355 -1.2294379564536939e-03
2023-10-19T14:27:35.000 9.586373139339564368e+05 8.549902680761708325e+03  4127507.170083399862 -6.1528485946382716e-04
2023-10-19T14:27:45.000 9.591330357945252908e+05 8.162573219302323196e+03  4127501.208397118375 -8.4176147765901987e-05
2023-10-19T14:27:55.000 8.744471005857863929e+05 6.781219153692557484e+03  4127495.241525582969 +2.2995577795654754e-03
2023-10-19T14:28:05.000 8.329879109254790237e+05 6.179081750697115240e+03  4127489.261300718877 -6.4307155514597980e-04
2023-10-19T14:28:15.000 8.088019255273147719e+05 6.092649033101449277e+03  4127483.274552013259 -2.2525094865386563e-03
2023-10-19T14:28:25.000 7.587330670792494202e+05 6.775288568837861931e+03  4127477.286604060326 +1.5200744211369965e-03
2023-10-19T14:28:35.000 7.547701975968361367e+05 5.687095260249384410e+03  4127471.289327666163 +2.1707352800603985e-04
2023-10-19T14:28:45.000 7.725526337048914284e+05 5.329813901321181220e+03  4127465.291995704174 -2.1651586496318487e-04
2023-10-19T14:34:15.000 6.835987424203924602e+05 5.768265556354466753e+03  4127264.056219065562 -5.9368959784933395e-04
2023-10-19T14:34:25.000 6.842914236042978009e+05 6.949397297418437120e+03  4127257.858715893235 -8.4635826260637259e-04
2023-10-19T14:34:35.000 6.382215135557365138e+05 5.300344336383686823e+03  4127251.661647872999 +2.1100574716683695e-03
2023-10-19T14:34:45.000 7.309528427251265384e+05 5.936670515702115154e+03  4127245.457119420636 +1.4561477509005272e-03
2023-10-19T14:34:55.000 8.132033469520402141e+05 6.787510968727923682e+03  4127239.243133421056 -2.8779179350522099e-03
2023-10-19T14:35:05.000 7.111791575613658642e+05 5.584003392800669644e+03  4127233.029042209499 +3.5826562839247345e-04
2023-10-19T14:35:15.000 6.597156235360814026e+05 5.808249801894315169e+03  4127226.804663362447 +1.9708040844079733e-03
2023-10-19T14:35:25.000 7.927072231586450944e+05 7.564427143689257719e+03  4127220.569228888024 +3.9037071906022902e-04
2023-10-19T14:35:35.000 9.085840774020671379e+05 9.030059208030714217e+03  4127214.329704317264 -8.8902927188883041e-04
2023-10-19T14:35:45.000 8.824730870167245157e+05 6.935075726571997620e+03  4127208.095291553065 +3.1246714752342086e-04
2023-10-19T14:41:15.000 6.889801373506812379e+05 6.318191671535856585e+03  4126999.043491001241 +6.2861623564458569e-04
2023-10-19T14:41:25.000 8.261984642659124220e+05 8.380829421218213611e+03  4126992.613250729628 -1.7641259898937278e-04
2023-10-19T14:41:35.000 7.835589329533078708e+05 7.379773522593523921e+03  4126986.182368490379 -2.4003179896681104e-04
2023-10-19T14:41:45.000 4.237757320189988823e+05 4.059283535099316396e+03  4126979.744383201469 -2.1267124932364823e-03
2023-10-19T14:41:55.000 5.081436917111360235e+05 3.925381927247997737e+03  4126973.305987010244 +3.1940697626851033e-03
2023-10-19T14:42:05.000 7.402677680993240792e+05 6.878074197070453920e+03  4126966.849717409350 -9.0250069160902058e-04
2023-10-19T14:42:15.000 7.622353320341832004e+05 7.362824400255320143e+03  4126960.391846333630 +1.2500529527414983e-03
2023-10-19T14:42:25.000 7.964093941976140486e+05 7.852301352270957977e+03  4126953.922647636384 -2.0654745355841442e-03
2023-10-19T14:42:35.000 6.913590146823432297e+05 6.574472033693145931e+03  4126947.458257555030 +1.9680326880688881e-03
2023-10-19T14:42:45.000 7.729895231480494840e+05 8.376100119601536790e+03  4126940.989528589882 -3.8656296953831770e-04
2023-10-19T14:48:15.000 8.663401164107354125e+05 7.498187203307755226e+03  4126724.311148141976 +1.8986830518770148e-03
2023-10-19T14:48:25.000 9.334517432957779383e+05 6.912118368154328891e+03  4126717.656970327720 -1.3769901684099750e-03
2023-10-19T14:48:35.000 5.646789305998662021e+05 4.513041087227515163e+03  4126710.999416841660 -2.5518122272387700e-03
2023-10-19T14:48:45.000 4.397248635377524188e+05 3.368794939572632302e+03  4126704.343684193213 +5.4136723865667591e-03
2023-10-19T14:48:55.000 6.003603937463526381e+05 4.180339870372464247e+03  4126697.667820503004 +1.5451432361714978e-03
2023-10-19T14:49:05.000 9.014333840034785680e+05 5.735691050891018676e+03  4126690.985281279311 -5.8957464523246017e-04
2023-10-19T14:49:15.000 9.072400987795415567e+05 7.125795550706831818e+03  4126684.297813955229 +4.1664642367322813e-06
2023-10-19T14:49:25.000 8.357852740293421084e+05 7.659612740551673596e+03  4126677.602578473743 -1.1314329187825933e-03
2023-10-19T14:49:35.000 9.705211654362089466e+05 9.100427087836513238e+03  4126670.907055452932 +1.0016860642281245e-03
2023-10-19T14:49:45.000 9.502066924428394996e+05 7.875330360794838271e+03  4126664.207870911807 -3.1769028169037483e-04
2023-10-19T14:55:15.000 6.343265008484300924e+05 6.961989890814432329e+03  4126440.146739881020 -1.5755866456856893e-04
2023-10-19T14:55:25.000 5.567087500158546027e+05 5.511194375848682284e+03  4126433.272888670210 -7.9547707173333038e-04
2023-10-19T14:55:35.000 3.368061887440680875e+05 3.959433077702373794e+03  4126426.396775430068 +4.0732253363557902e-03
2023-10-19T14:55:45.000 4.039773946550346445e+05 4.221274763706861449e+03  4126419.503775878344 +2.7774315731221577e-04
2023-10-19T14:55:55.000 4.406944155461992486e+05 4.073175851714433065e+03  4126412.604458041489 -1.9464011689933614e-03
2023-10-19T14:56:05.000 4.482436985148214735e+05 4.533172121000699008e+03  4126405.703175017145 +5.9632662453168450e-04
2023-10-19T14:56:15.000 6.618470340745846042e+05 7.073137717602675366e+03  4126398.793006337713 -1.0362420987348742e-03
2023-10-19T14:56:25.000 7.119205432918402366e+05 7.444820060628299871e+03  4126391.885788437910 +2.0674131758369185e-03
2023-10-19T14:56:35.000 5.273324360443300102e+05 5.930656055507457495e+03  4126384.972712432034 -2.7687994949019412e-03
2023-10-19T14:56:45.000 6.064732541266005719e+05 7.025784671469994464e+03  4126378.074685050175 +5.1327461198980018e-04
2023-10-19T15:02:15.000 2.738275697177030961e+05 3.864127191959607444e+03  4126146.787056926638 +4.5071528447806486e-03
2023-10-19T15:02:25.000 4.014735950409197249e+05 5.234458530036948105e+03  4126139.685268484522 -1.7201273515183857e-03
2023-10-19T15:02:35.000 4.604586561224391335e+05 7.267582468811441686e+03  4126132.591208614875 -2.4779542741271143e-05
2023-10-19T15:02:45.000 3.676786700947326026e+05 5.823149706180993235e+03  4126125.489059648942 -1.9141423658766143e-03
2023-10-19T15:02:55.000 2.714077500466591446e+05 3.742716603918316196e+03  4126118.390300109051 +6.7050630160565561e-03
2023-10-19T15:03:05.000 3.364534113986466546e+05 5.180457828198033894e+03  4126111.268070061225 -5.8839774965235847e-05
2023-10-19T15:03:15.000 3.720039094781787135e+05 6.095660207156281103e+03  4126104.144561546855 -6.4297549818093103e-04
2023-10-19T15:03:25.000 6.402014793402528157e+05 9.124747552980776163e+03  4126097.015969539061 -1.0298929710188531e-03
2023-10-19T15:03:35.000 6.075742408422486624e+05 9.730635326793300919e+03  4126089.888436538167 +1.2461105510510606e-03
2023-10-19T15:03:45.000 5.427082429536273703e+05 8.723998845172500296e+03  4126082.760459216312 -4.4529652075198101e-04
2023-10-19T15:09:15.000 6.673908469988850411e+05 6.013077757198934705e+03  4125844.536858995911 +3.2496162174311394e-03
2023-10-19T15:09:25.000 7.508827370279132156e+05 8.015444236011270732e+03  4125837.221723541152 -3.6280531891179635e-03
2023-10-19T15:09:35.000 7.301975004822302144e+05 6.915319127437562202e+03  4125829.916061063297 +1.8710100260932450e-03
2023-10-19T15:09:45.000 9.524455922199750785e+05 8.813758121603916152e+03  4125822.600683839060 -2.5974886602853076e-04
2023-10-19T15:09:55.000 8.591016597117385827e+05 8.779579158955615640e+03  4125815.286393708084 +7.6698125894836267e-04
2023-10-19T15:10:05.000 7.296118791176956147e+05 7.649652677594432134e+03  4125807.967234834097 -2.3613804364686075e-04
2023-10-19T15:10:15.000 5.990483993961022934e+05 5.603572142979868659e+03  4125800.643488363363 -1.4577101308077545e-03
2023-10-19T15:10:25.000 5.393021915460430318e+05 4.870694137425437475e+03  4125793.316185969394 +4.0466860082233325e-04
2023-10-19T15:10:35.000 5.339425861335992813e+05 4.067440851233118337e+03  4125785.977912422735 +9.2570577385231445e-04
2023-10-19T15:10:45.000 6.259242932380710263e+05 5.796905491808312945e+03  4125778.624584095553 -2.9035745910732658e-04
2023-10-19T15:18:15.000 6.135027239999031881e+05 6.039339964385990243e+03  4125443.301143710967 -5.8819848322855250e-04
2023-10-19T15:18:25.000 6.561337504798851442e+05 7.157977143055433771e+03  4125435.740340846125 +2.5254482935679334e-03
2023-10-19T15:18:35.000 8.180074014672677731e+05 7.701067358888561103e+03  4125428.166187082417 -2.5138229345884611e-03
2023-10-19T15:18:45.000 6.545640532647619257e+05 6.533421259796768936e+03  4125420.598988881800 +1.4974823160400774e-03
2023-10-19T15:18:55.000 6.837644185824630549e+05 6.616141202838281060e+03  4125413.025686425623 +1.3221731783232826e-03
2023-10-19T15:19:05.000 7.649082275220600422e+05 6.352864930681274927e+03  4125405.447335496079 -4.6859881729233166e-04
2023-10-19T15:19:15.000 6.593850875537104439e+05 6.193906067627221091e+03  4125397.865111165214 -7.2449867798241030e-04
2023-10-19T15:19:25.000 5.758104160209313268e+05 5.382147822810442449e+03  4125390.277310701087 +5.4037388281358290e-05
2023-10-19T15:19:35.000 3.701625057185275946e+05 3.958765759753335715e+03  4125382.684476874769 +1.6062632531657073e-03
2023-10-19T15:19:45.000 5.372705102027014364e+05 4.541478526094040717e+03  4125375.086430061609 -2.8963386421310133e-04
2023-10-19T15:25:15.000 1.210315479388337117e+06 7.577399601177756267e+03  4125121.779894048814 -3.2036237996635464e-04
2023-10-19T15:25:25.000 1.104657492925540078e+06 6.579400124112777121e+03  4125114.030221628025 -2.1876362586681353e-04
2023-10-19T15:25:35.000 1.419948624046286801e+06 8.336940885404688743e+03  4125106.273048893549 +9.0016687727256794e-04
2023-10-19T15:25:45.000 1.363518824330148753e+06 7.762273340336925685e+03  4125098.507330606226 -9.4443113971465209e-04
2023-10-19T15:25:55.000 1.005502789249609690e+06 6.148357040049182615e+03  4125090.740822039545 +4.3789705330254947e-04
2023-10-19T15:26:05.000 9.069347208978761919e+05 5.662714344942640309e+03  4125082.969072543550 +4.4870951910525037e-05
2023-10-19T15:26:15.000 9.388135539037240669e+05 5.907212865952558786e+03  4125075.193486034870 -6.1564812563119631e-04
2023-10-19T15:26:25.000 9.674627447178332368e+05 6.452279722812248110e+03  4125067.416645177640 +1.4409044563308271e-03
2023-10-19T15:26:35.000 9.487900503650666215e+05 5.614991661024157111e+03  4125059.630806844682 -1.1863535893326116e-03
2023-10-19T15:26:45.000 6.892191907255210681e+05 4.082346541230024286e+03  4125051.845126528293 +5.8304156300437171e-04
2023-10-19T15:32:15.000 8.918296688351465855e+05 7.723676423610491838e+03  4124792.340585824568 -2.8666240609709348e-05
2023-10-19T15:32:25.000 9.954295107182351639e+05 6.868163536762775948e+03  4124784.406623077579 -4.4043052662345872e-04
2023-10-19T15:32:35.000 7.711377766215896700e+05 5.960202806186688576e+03  4124776.466091909446 +1.0730458158150213e-03
2023-10-19T15:32:45.000 7.621153117390896659e+05 6.887149157623911378e+03  4124768.517376300413 +6.5212015931592759e-04
2023-10-19T15:32:55.000 9.097259665439571254e+05 7.380627242170419777e+03  4124760.563053288031 -1.3270777960769919e-03
2023-10-19T15:33:05.000 7.853391361802242463e+05 6.403911483838482127e+03  4124752.610031024087 +4.5980502704878745e-04
2023-10-19T15:33:15.000 7.482612269529020414e+05 5.363789264886047931e+03  4124744.653097826988 +4.0878973538838181e-04
2023-10-19T15:33:25.000 6.237672791093018604e+05 4.833761196364011084e+03  4124736.693078836426 +7.1861634364722704e-04
2023-10-19T15:33:35.000 7.785999706333886134e+05 5.497877028075204180e+03  4124728.724151324481 -7.1955116811750486e-04
2023-10-19T15:33:45.000 8.573659455658269580e+05 6.742624845077050850e+03  4124720.743776070885 +1.8364256186487182e-04
2023-10-19T15:39:15.000 9.289469423302880023e+05 7.955190220798225710e+03  4124455.294460936915 -4.5785067163706117e-04
2023-10-19T15:39:25.000 9.782313643107222160e+05 7.828370411591255106e+03  4124447.181204509921 +6.3174442834679212e-04
2023-10-19T15:39:35.000 8.379273838700043270e+05 6.853881971641447308e+03  4124439.060241477564 -2.5745890820871864e-04
2023-10-19T15:39:45.000 8.011707954812431708e+05 6.075817841120354387e+03  4124430.935591302346 -4.2794411399427190e-04
2023-10-19T15:39:55.000 7.851648873087423854e+05 5.594443831353742098e+03  4124422.808111331426 -5.1947755878245516e-05
2023-10-19T15:40:05.000 6.647171563143798849e+05 5.467992309927995848e+03  4124414.678025295958 +5.3387143384497904e-04
2023-10-19T15:40:15.000 6.870087624320553150e+05 5.433863547111766820e+03  4124406.544639175758 +7.2113261808226525e-04
2023-10-19T15:40:25.000 7.320405244628476212e+05 5.732017076553584047e+03  4124398.405183366966 -1.3512658638319408e-03
2023-10-19T15:40:35.000 7.562787536960854195e+05 5.372010469566547727e+03  4124390.264181696344 +7.4870255866699154e-04
2023-10-19T15:40:45.000 7.681591168787365314e+05 5.991203308603037840e+03  4124382.111381098628 -1.4729852614436822e-04
2023-10-19T15:46:15.000 9.373660210208776407e+05 6.916252660372569153e+03  4124110.957758742850 +1.5947490900316552e-03
2023-10-19T15:46:25.000 6.057546736606692430e+05 4.921004965976590029e+03  4124102.671522729099 -4.5797799854199184e-03
2023-10-19T15:46:35.000 6.660065882061059820e+05 4.380407283228101733e+03  4124094.388460820541 +1.5555466774230808e-03
2023-10-19T15:46:45.000 6.926263387070751050e+05 5.163436244976994203e+03  4124086.089265184011 -9.3680993927591771e-04
2023-10-19T15:46:55.000 8.261160026337292511e+05 5.745143637766032953e+03  4124077.788737365510 +1.4328448423839291e-04
2023-10-19T15:47:05.000 9.326618609429592034e+05 6.498906540027612209e+03  4124069.486875221133 +2.0646754936706202e-03
2023-10-19T15:47:15.000 1.116662105210274924e+06 7.882584428193439635e+03  4124061.179260430392 -1.6034597750831381e-03
2023-10-19T15:47:25.000 1.093457979099938879e+06 7.025998512597711851e+03  4124052.877161127981 -4.4873388901578437e-05
2023-10-19T15:47:35.000 7.446134592224133667e+05 5.486163020765434339e+03  4124044.573454823811 +1.5707806060163421e-03
2023-10-19T15:47:45.000 7.331478250025300076e+05 5.653578530030251386e+03  4124036.259136284702 -5.6006608258485358e-04
