# Observation conducted on 2023.10.19 at O6 rev. 2
# Base frequency: 8432.00 MHz BW: 2 kHz dF: 0.2 Hz dT: 10.0 s Nscans: 1
# Format: UTC Time     |    Signal-to-Noise     |      Spectral max      | Freq detection [Hz] |   Doppler noise [Hz]  |
# 
2023-10-19T14:00:05.000 8.203687408701455297e+01 4.657872969722883028e+01  4932072.974249114282 +1.6836635180766280e-02
2023-10-19T14:00:15.000 1.217847573751051158e+02 5.976981826408387377e+01  4932070.339092256501 -2.4819847591288635e-02
2023-10-19T14:00:25.000 1.174133324663044675e+02 6.422502840859496587e+01  4932068.488546189852 +4.0070845357831786e-02
2023-10-19T14:00:35.000 1.726608391181524098e+02 8.506545064603226081e+01  4932066.619201919995 -3.6441793021026569e-02
2023-10-19T14:00:45.000 6.699751134483960868e+01 3.528975735464662478e+01  4932065.044459585100 +3.4700730768906851e-01
2023-10-19T14:00:55.000 7.687316079378338429e+01 4.028560540786144628e+01  4932062.544256355613 +6.1220305915071549e-02
2023-10-19T14:01:05.000 6.031652422509921507e+01 3.029771784539489232e+01  4932059.160215516575 -8.8802087000976826e-01
2023-10-19T14:01:15.000 8.789959758962655201e+01 4.487516459288165294e+01  4932057.817329921760 +3.3212254672730523e-01
2023-10-19T14:01:25.000 6.742247505151435405e+01 3.222599944710059106e+01  4932054.916898574680 +4.4876341358644822e-02
2023-10-19T14:01:35.000 1.074875718773462836e+02 5.310858208045826245e+01  4932052.118097814731 -8.4181886960891461e-02
2023-10-19T14:01:45.000 7.996637849216375571e+01 4.169351006982598307e+01  4932049.362033421174 +4.7322984682750757e-02
2023-10-19T14:20:15.000 1.928280076293932552e+03 7.746896599887334105e+02  4126988.147350772750 +1.6823654685822476e-03
2023-10-19T14:20:25.000 1.956086628794714215e+03 7.924049780537201286e+02  4126983.210374062881 -2.2434972660221320e-03
2023-10-19T14:20:35.000 1.582573625986030947e+03 7.939690306528082147e+02  4126978.281885235105 +2.6268693884503591e-03
2023-10-19T14:20:45.000 1.950325016403059635e+03 8.405368577168526372e+02  4126973.341034808196 -2.2897929309237952e-03
2023-10-19T14:20:55.000 1.887286781916496693e+03 8.133717762786485537e+02  4126968.404826045502 +2.7890820597349375e-03
2023-10-19T14:21:05.000 1.685973019848230251e+03 7.468625634647437437e+02  4126963.452870552428 -1.7191592462495464e-04
2023-10-19T14:21:15.000 1.667643915511623618e+03 7.419133942159959361e+02  4126958.493146545719 -2.2072975641549419e-03
2023-10-19T14:21:25.000 1.780650643891838172e+03 7.529990433624684556e+02  4126953.530820679385 +5.3175309074049437e-04
2023-10-19T14:21:35.000 1.594726051090672627e+03 7.621496257239624583e+02  4126948.563165701460 +7.5564506209957472e-04
2023-10-19T14:21:45.000 1.769179046376457563e+03 7.988326007800403659e+02  4126943.600192293990 -2.7118054424590810e-04
2023-10-19T14:27:15.000 1.943723121844871912e+03 7.959108007894152479e+02  4126776.475756580476 -1.3211834187814020e-03
2023-10-19T14:27:25.000 1.895311373676008998e+03 7.710670129281180607e+02  4126771.323156858329 +1.6398173941070127e-03
2023-10-19T14:27:35.000 1.746925636226072356e+03 8.038808743280126237e+02  4126766.159025685862 -4.6120778176828026e-04
2023-10-19T14:27:45.000 1.793414562071567389e+03 8.586981637251308257e+02  4126760.986845527310 -3.9145363950865431e-04
2023-10-19T14:27:55.000 1.683559646826977996e+03 8.099039696627216927e+02  4126755.806609435007 +1.0676767467430182e-03
2023-10-19T14:28:05.000 1.860476944952859185e+03 8.441312689374782394e+02  4126750.615639189258 -2.3150383991605850e-03
2023-10-19T14:28:15.000 1.672734033825012148e+03 7.915661593752888621e+02  4126745.431564129423 +2.5044415230013328e-03
2023-10-19T14:28:25.000 1.911006419612052923e+03 8.112386457691044370e+02  4126740.242867532652 +1.3805004596179060e-04
2023-10-19T14:28:35.000 2.044758932803094012e+03 8.204986130882602993e+02  4126735.059627250303 -7.4750250280430919e-04
2023-10-19T14:28:45.000 1.489963047873365667e+03 6.964588480828562069e+02  4126729.879670817871 +4.7063256931778596e-04
2023-10-19T14:34:15.000 1.955470177032583251e+03 8.665843610657786940e+02  4126555.248603696004 -1.3639544453099006e-03
2023-10-19T14:34:25.000 2.011049065240754317e+03 8.999015429200201197e+02  4126549.883751692250 +1.8578143285594706e-03
2023-10-19T14:34:35.000 2.013676919918788371e+03 8.715442000986145104e+02  4126544.503720755223 +2.7348298692686512e-04
2023-10-19T14:34:45.000 2.041791411089961684e+03 8.754092545921689634e+02  4126539.109499097336 -3.0557951060927735e-03
2023-10-19T14:34:55.000 1.925872795215312181e+03 8.384143470735649544e+02  4126533.711927758530 +2.2638223090325482e-03
2023-10-19T14:35:05.000 2.208904082623844715e+03 9.117285853490727732e+02  4126528.298722791020 +1.4782581783947535e-03
2023-10-19T14:35:15.000 1.957644058681796196e+03 8.374641374346979319e+02  4126522.875802651048 -3.4898771897360348e-03
2023-10-19T14:35:25.000 1.862715078314306538e+03 8.342187195011953236e+02  4126517.463098291773 +2.2660114253767460e-03
2023-10-19T14:35:35.000 1.857519387825879221e+03 8.162293075972173710e+02  4126512.046815673821 -6.0376817430096708e-04
2023-10-19T14:35:45.000 1.616200272169333630e+03 7.552761449913223260e+02  4126506.644722219557 +7.8466008289979072e-05
2023-10-19T14:41:15.000 2.216789013911107759e+03 9.599838143522706559e+02  4126324.745557067450 +3.6628440830099862e-04
2023-10-19T14:41:25.000 2.193404662590735825e+03 9.233878609861553741e+02  4126319.149097286630 -1.5150820743201621e-03
2023-10-19T14:41:35.000 2.370593212678403233e+03 9.839260651398924438e+02  4126313.542854385450 +1.8982344048481536e-03
2023-10-19T14:41:45.000 1.955392995000740257e+03 8.946937391509454756e+02  4126307.922006291337 -1.8090880884074068e-03
2023-10-19T14:41:55.000 2.055486716389362755e+03 8.963892035781328786e+02  4126302.305074758828 +1.1697151545604356e-03
2023-10-19T14:42:05.000 2.180220210138616494e+03 8.747292300037366886e+02  4126296.682005738374 -1.2251628866124520e-03
2023-10-19T14:42:15.000 2.078995190648985044e+03 8.579492085965473507e+02  4126291.060965171084 -2.9334302735151141e-04
2023-10-19T14:42:25.000 2.375496049757273340e+03 9.216940800076670257e+02  4126285.436755611561 +1.6733329086946469e-03
2023-10-19T14:42:35.000 1.874825813171749815e+03 9.005443826154406679e+02  4126279.797513877973 -2.0805817729296905e-03
2023-10-19T14:42:45.000 2.155942819690488250e+03 8.940512083349234445e+02  4126274.148037739564 +3.8351699072336487e-04
2023-10-19T14:48:15.000 1.932533913791417490e+03 9.352859329432411641e+02  4126085.140196020249 -3.3071304563918602e-03
2023-10-19T14:48:25.000 2.094189186410634193e+03 8.865184784273126297e+02  4126079.331877584569 +4.5191161203774755e-03
2023-10-19T14:48:35.000 2.192849109875330669e+03 9.195043341971214659e+02  4126073.498219090514 -1.7790776789752272e-03
2023-10-19T14:48:45.000 2.045395949501543555e+03 9.163964425641455591e+02  4126067.669313893188 -1.7050212358071803e-03
2023-10-19T14:48:55.000 1.946303151363045117e+03 8.920078280821439876e+02  4126061.845322674606 +7.3801300538889336e-04
2023-10-19T14:49:05.000 2.088462563508561288e+03 1.010039422911457109e+03  4126056.021439908072 +1.4495166045662700e-03
2023-10-19T14:49:15.000 2.115141645022809371e+03 9.343274507405914164e+02  4126050.192071614321 -1.5424545665609912e-04
2023-10-19T14:49:25.000 1.980212611375991628e+03 9.029084406286223157e+02  4126044.350908772554 -1.6305596044503545e-03
2023-10-19T14:49:35.000 1.754076495008808479e+03 8.569300156192067561e+02  4126038.490449225530 +1.4478941059223871e-03
2023-10-19T14:49:45.000 1.805787171866036033e+03 7.916308556102100056e+02  4126032.586789399385 -2.7897415520783397e-04
2023-10-19T14:55:15.000 1.939958099867247029e+03 9.380552788231995009e+02  4125836.694423954468 +2.2489268512799754e-03
2023-10-19T14:55:25.000 2.415114004056531030e+03 9.906330274001228418e+02  4125830.669733377174 -3.3950482566069695e-04
2023-10-19T14:55:35.000 2.096619436001326449e+03 9.437999916198610890e+02  4125824.634023999330 -3.1630969243678919e-03
2023-10-19T14:55:45.000 2.279767839126970102e+03 9.810577021373006801e+02  4125818.601999080740 +1.6425665835413383e-03
2023-10-19T14:55:55.000 2.162270549019126520e+03 9.662562720041731836e+02  4125812.564258283935 +1.2846314384660218e-03
2023-10-19T14:56:05.000 2.174023122982430323e+03 9.206564285425976095e+02  4125806.525625591166 +2.9640817240306205e-04
2023-10-19T14:56:15.000 2.436756236711936253e+03 9.831359977502263519e+02  4125800.483847887721 -1.1085355619115944e-03
2023-10-19T14:56:25.000 2.381895891866447982e+03 1.004340189404049511e+03  4125794.436038640328 -9.3717835193274368e-04
2023-10-19T14:56:35.000 2.588535703890178411e+03 1.014222672869174403e+03  4125788.375801813323 +1.3623816470271777e-03
2023-10-19T14:56:45.000 2.363046373920130918e+03 9.861859764432823567e+02  4125782.288157738280 -5.1768919956884929e-04
2023-10-19T15:02:15.000 2.373612286716075232e+03 9.752969098040008475e+02  4125579.593611135613 +1.8391996427453705e-03
2023-10-19T15:02:25.000 2.355375900649793039e+03 9.682225184954347696e+02  4125573.371411688160 -1.9468879482928969e-03
2023-10-19T15:02:35.000 2.244281742097557071e+03 1.017605558443961058e+03  4125567.147552985698 -4.6699551739948220e-04
2023-10-19T15:02:45.000 2.383810787216844801e+03 1.012898874020205881e+03  4125560.915772558190 +5.7560878860840603e-04
2023-10-19T15:02:55.000 2.336108098866707223e+03 9.637075794874012900e+02  4125554.678915566765 +2.5122842032487824e-03
2023-10-19T15:03:05.000 2.438528116271256749e+03 1.003661082121069740e+03  4125548.431401652284 -2.3968173594539621e-03
2023-10-19T15:03:15.000 2.483382059478292376e+03 1.022222508444585060e+03  4125542.188324073795 -4.3629294520997064e-04
2023-10-19T15:03:25.000 2.872828632346035192e+03 1.018745595561461755e+03  4125535.941485993564 +1.0281137265337748e-03
2023-10-19T15:03:35.000 2.142693680482892887e+03 9.819785791689083680e+02  4125529.683711282909 -7.1235896120924735e-04
2023-10-19T15:03:45.000 2.169864863429680554e+03 9.358640564994279885e+02  4125523.411182434764 +5.5736468766554026e-05
2023-10-19T15:09:15.000 2.716710708696158235e+03 1.123997000141781655e+03  4125314.150929640979 +1.3320151430207261e-03
2023-10-19T15:09:25.000 2.742315092514841581e+03 1.112536276560256738e+03  4125307.729378979653 -5.6914663127827225e-04
2023-10-19T15:09:35.000 2.581076882110277438e+03 1.123800873568926818e+03  4125301.301229547244 -1.1716159623347266e-03
2023-10-19T15:09:45.000 2.708977584253733767e+03 1.168423689984561179e+03  4125294.871007554233 +3.3088005091030936e-04
2023-10-19T15:09:55.000 2.926043014862081236e+03 1.205748344409854326e+03  4125288.436641712673 -3.4123994055335061e-04
2023-10-19T15:10:05.000 2.626174100645620911e+03 1.178121857560585340e+03  4125282.004564530682 +2.5955256364795787e-03
2023-10-19T15:10:15.000 2.789682366092722987e+03 1.140317600368488002e+03  4125275.564590505324 -8.6405287333946035e-05
2023-10-19T15:10:25.000 3.004181743751037175e+03 1.184402277345838229e+03  4125269.118997165933 -3.4970154168831868e-03
2023-10-19T15:10:35.000 2.632867006493002009e+03 1.120011299304427894e+03  4125262.675082245376 +3.9761246329135247e-03
2023-10-19T15:10:45.000 2.506568703546595316e+03 1.141622192790887766e+03  4125256.203313195612 -1.1349885816116512e-03
2023-10-19T15:18:15.000 2.419709420585000316e+03 1.020867834518249992e+03  4124960.999796031974 +8.2533610145674174e-04
2023-10-19T15:18:25.000 2.303441107917608861e+03 1.086529351449011756e+03  4124954.327713534236 +1.0541300812292320e-03
2023-10-19T15:18:35.000 2.304418906945677918e+03 1.095615296159745185e+03  4124947.645978685934 -4.2173017772029198e-03
2023-10-19T15:18:45.000 2.700858832775928477e+03 1.110321448590808359e+03  4124940.975376439281 +1.7512450025378712e-03
2023-10-19T15:18:55.000 2.238796250414222413e+03 1.008003000342120345e+03  4124934.298884488642 +1.3464300499208548e-03
2023-10-19T15:19:05.000 2.526517542409430007e+03 1.067767400736922582e+03  4124927.620992585085 +6.3738377195932117e-04
2023-10-19T15:19:15.000 2.677978900346928185e+03 1.177735989649017483e+03  4124920.936863699462 -2.7464283177778270e-03
2023-10-19T15:19:25.000 2.571895716170463402e+03 1.120693058645549172e+03  4124914.254876395222 +1.6438691253597426e-03
2023-10-19T15:19:35.000 2.663480653319340490e+03 1.028562261269827786e+03  4124907.560894875322 +6.3307045593319344e-05
2023-10-19T15:19:45.000 2.777141141809978762e+03 1.076348674695507043e+03  4124900.864833914675 -1.4528937924751517e-04
2023-10-19T15:25:15.000 2.774003422582040002e+03 1.131245692573329734e+03  4124677.372773213778 -7.4688655934096460e-04
2023-10-19T15:25:25.000 2.447915934766703231e+03 1.137899075375804159e+03  4124670.535895394627 +1.7185177581495736e-03
2023-10-19T15:25:35.000 2.880839378045803642e+03 1.155693734134625629e+03  4124663.684145130217 -9.2536455588287936e-04
2023-10-19T15:25:45.000 2.586342752055585152e+03 1.072850610876040946e+03  4124656.828529526480 +1.8340063536470552e-04
2023-10-19T15:25:55.000 2.533407239222059616e+03 1.099752516437166378e+03  4124649.966137399897 -6.0452156674273283e-04
2023-10-19T15:26:05.000 2.689804665792208198e+03 1.096549275884061899e+03  4124643.105429183692 +2.5860466253107006e-03
2023-10-19T15:26:15.000 2.939555439486185605e+03 1.083232407027641557e+03  4124636.234743097331 -3.5931576807115562e-03
2023-10-19T15:26:25.000 2.703380484025965416e+03 1.152074130782902103e+03  4124629.376905999146 +3.6428892228741461e-03
2023-10-19T15:26:35.000 2.157676251980453344e+03 1.053175181464828029e+03  4124622.502718917094 -2.5560932404005143e-03
2023-10-19T15:26:45.000 2.595094683740125220e+03 1.060382390145885893e+03  4124615.629213098902 +3.2623531888020807e-04
2023-10-19T15:32:15.000 3.122220836939418859e+03 1.197342020032800065e+03  4124386.259960388299 +3.1818968656125435e-03
2023-10-19T15:32:25.000 2.701415780071520658e+03 1.181372916866373089e+03  4124379.233568958007 -5.2066755124542397e-03
2023-10-19T15:32:35.000 3.340927236595536669e+03 1.133268364669862422e+03  4124372.212543482427 +5.9275186254126311e-04
2023-10-19T15:32:45.000 2.408901944889462811e+03 1.104188852564169110e+03  4124365.183502470609 +1.8522134861314044e-03
2023-10-19T15:32:55.000 2.381552597066805902e+03 1.059931497150844052e+03  4124358.150157992728 -5.7825375506581622e-05
2023-10-19T15:33:05.000 2.699813591529753921e+03 1.102211405040076897e+03  4124351.119009879883 +1.8250003853381713e-03
2023-10-19T15:33:15.000 2.567441435076616472e+03 1.168820796516564769e+03  4124344.074997496791 -4.4940037977312386e-03
2023-10-19T15:33:25.000 2.973565659622744079e+03 1.088530310171923475e+03  4124337.033208017703 +1.5409550566118924e-03
2023-10-19T15:33:35.000 2.741470836193073865e+03 1.032773192821076918e+03  4124329.966408829670 +3.6782790800771181e-04
2023-10-19T15:33:45.000 2.335277560982636260e+03 9.538522001288513366e+02  4124322.872527609579 -4.1392837761122792e-04
2023-10-19T15:39:15.000 3.021866790434118684e+03 1.160233572360505377e+03  4124087.916723308619 -5.1473526957579452e-04
2023-10-19T15:39:25.000 2.911941320743706001e+03 1.204972887534185702e+03  4124080.736443434842 +1.0062795228122923e-03
2023-10-19T15:39:35.000 3.017256446812870308e+03 1.204395391884311039e+03  4124073.536234154366 -4.9007970596903760e-04
2023-10-19T15:39:45.000 2.697213792165051927e+03 1.222692051924044790e+03  4124066.329863347579 -1.3822349063730144e-03
2023-10-19T15:39:55.000 2.520592096809402847e+03 1.148305170001979604e+03  4124059.129018614534 +3.6345662941812407e-03
2023-10-19T15:40:05.000 2.618349687160297890e+03 1.109036628757572316e+03  4124051.918948726729 -2.6205767762803589e-03
2023-10-19T15:40:15.000 3.094516134078543018e+03 1.121678989792862239e+03  4124044.717919669114 -1.6844938204485516e-04
2023-10-19T15:40:25.000 2.755224942422742060e+03 1.135170995406158909e+03  4124037.510572258849 +1.6776228330854792e-03
2023-10-19T15:40:35.000 3.003622789943812677e+03 1.197281685176563769e+03  4124030.282494700514 -9.2595078740487224e-04
2023-10-19T15:40:45.000 2.182182691547000104e+03 1.024393780337879207e+03  4124023.026767481118 +3.8159686482686084e-04
2023-10-19T15:46:15.000 2.877423636655091286e+03 1.229301514930363965e+03  4123782.618449159898 -4.4802389197684533e-04
2023-10-19T15:46:25.000 3.105595751059769555e+03 1.277956275199506763e+03  4123775.271653776988 +7.0789783444524801e-04
2023-10-19T15:46:35.000 3.001537387221549125e+03 1.288367658833237556e+03  4123767.918240829837 +9.2744514518017240e-05
2023-10-19T15:46:45.000 3.285782888202249524e+03 1.249194804673839144e+03  4123760.556951647159 -1.7184842286042112e-03
2023-10-19T15:46:55.000 3.230372824728910473e+03 1.283538910342598456e+03  4123753.195662502665 +2.4938889740724335e-03
2023-10-19T15:47:05.000 3.157494969753727219e+03 1.331669345649142542e+03  4123745.821954942308 -1.8993988281863494e-03
2023-10-19T15:47:15.000 3.185765293930643566e+03 1.264311558889369735e+03  4123738.454917048104 +1.3607709107645860e-03
2023-10-19T15:47:25.000 3.314103460785913740e+03 1.212070275458352626e+03  4123731.083672355395 -1.1131341922236970e-03
2023-10-19T15:47:35.000 3.066907538806674893e+03 1.302072829239655903e+03  4123723.719523173291 +7.2408473408813734e-04
2023-10-19T15:47:45.000 2.768004236677781591e+03 1.184210701789847235e+03  4123716.354469256941 -1.9491715681851929e-04
2023-10-19T15:58:15.000 9.173236356868108032e+01 4.409350162418765251e+01  4932002.014459797181 -6.9566818166435951e-02
2023-10-19T15:58:25.000 9.035275236735601823e+01 4.270765436054172426e+01  4932001.477355927229 -4.1187799141312098e-02
2023-10-19T15:58:35.000 1.052188566526527467e+02 5.234443129949692519e+01  4932000.896516862325 +3.1596763302536601e-01
2023-10-19T15:58:45.000 8.481362451208121911e+01 4.312373677811771699e+01  4931998.741452185437 -4.8188666476289654e-01
2023-10-19T15:58:55.000 7.588861047714108565e+01 4.179778057530246826e+01  4931997.126605610363 -5.6276750261190500e-01
2023-10-19T15:59:05.000 9.661621738909570922e+01 5.158553816928800728e+01  4931997.090571689419 +7.5959368882922718e-01
2023-10-19T15:59:15.000 5.881752377874939697e+01 3.444094297898123358e+01  4931994.965316276066 -4.6572934115692988e-01
2023-10-19T15:59:25.000 7.643993896290297130e+01 3.740903497414382173e+01  4931994.342011637054 -6.8172321639406164e-01
2023-10-19T15:59:35.000 1.147197028167280735e+02 5.560837525870316966e+01  4931994.958343204111 +2.4317115479254880e-01
2023-10-19T15:59:45.000 1.490658445139346213e+02 8.079916371434330813e+01  4931993.471001108177 -3.3150543039141667e-02
