# Observation conducted on 2023.10.19 at Wb rev. 2
# Base frequency: 8432.00 MHz BW: 2 kHz dF: 0.2 Hz dT: 10.0 s Nscans: 1
# Format: UTC Time     |    Signal-to-Noise     |      Spectral max      | Freq detection [Hz] |   Doppler noise [Hz]  |
# 
2023-10-19T14:20:05.000 5.099587616302795141e+03 1.967406205729559360e+03  4127734.611097879242 -7.9046453265618766e-05
2023-10-19T14:20:15.000 5.483573333828084287e+03 1.950351830724373031e+03  4127729.193362086080 -1.8834491197594616e-04
2023-10-19T14:20:25.000 5.514951918482785004e+03 1.960819036392905446e+03  4127723.772329244297 +1.4024420121359071e-03
2023-10-19T14:20:35.000 4.938547622174787648e+03 1.905829288234347587e+03  4127718.341296475846 -1.9926505477769751e-03
2023-10-19T14:20:45.000 5.299774601824464298e+03 1.803060955419952279e+03  4127712.908798370510 -1.2921503389407007e-03
2023-10-19T14:20:55.000 5.397712943915212236e+03 1.822122955442058128e+03  4127707.473425857723 +2.7887846435987740e-03
2023-10-19T14:21:05.000 5.092404967444462272e+03 1.928536210424659885e+03  4127702.024412734434 -5.8045545301865786e-05
2023-10-19T14:21:15.000 5.314222877237586545e+03 1.838363420508055924e+03  4127696.570123883430 -1.6286053812564205e-03
2023-10-19T14:21:25.000 4.709032686482326426e+03 1.842923083006013030e+03  4127691.113710936625 +6.6098638171752100e-05
2023-10-19T14:21:35.000 5.165312467939952512e+03 1.911879799814709031e+03  4127685.653557672631 +8.6247832132357871e-04
2023-10-19T14:21:45.000 5.402018003095675340e+03 1.875511110895704860e+03  4127680.192934325896 -2.8427051040580409e-04
2023-10-19T14:27:15.000 4.714581232981438916e+03 1.830045195403778052e+03  4127496.461020453367 -2.7876560625372804e-04
2023-10-19T14:27:25.000 4.988279161785140786e+03 1.756381094378388752e+03  4127490.791037730873 +4.1005545472216909e-04
2023-10-19T14:27:35.000 4.757820625007965646e+03 1.793754292444712974e+03  4127485.117608690634 +1.1423968302324283e-03
2023-10-19T14:27:45.000 5.574228959802726422e+03 1.919263815282844234e+03  4127479.435794280376 -2.6609406430679883e-03
2023-10-19T14:27:55.000 4.996440859106925018e+03 2.055748050412419161e+03  4127473.758120818529 +2.0008143903851305e-03
2023-10-19T14:28:05.000 5.118705216577313877e+03 1.975216666330665475e+03  4127468.071091036312 +2.2200851965408219e-03
2023-10-19T14:28:15.000 5.161993280748167308e+03 1.927172163963417461e+03  4127462.372696015984 -3.3064790137586897e-03
2023-10-19T14:28:25.000 4.859891518558178177e+03 1.878640691956737328e+03  4127456.677972772159 +1.2802086633882936e-03
2023-10-19T14:28:35.000 4.678772544276477674e+03 1.832607038141152998e+03  4127450.970282671042 +2.8073198086531193e-04
2023-10-19T14:28:45.000 5.152912772298548589e+03 1.835765060919225107e+03  4127445.254721488804 -1.5213829362892284e-04
2023-10-19T14:34:15.000 5.217662149220598621e+03 1.926931732501644092e+03  4127253.575822699349 -5.2061391261304379e-04
2023-10-19T14:34:25.000 5.611719146565369556e+03 1.865594947284939508e+03  4127247.676672990434 +1.4106516018728144e-03
2023-10-19T14:34:35.000 5.736691086049162550e+03 1.940223561688983182e+03  4127241.762666596565 -4.3118096846228582e-04
2023-10-19T14:34:45.000 5.182759875275155537e+03 1.914333876629777478e+03  4127235.839244051371 -3.3730027510046057e-03
2023-10-19T14:34:55.000 5.156492589350305025e+03 1.886775672015667169e+03  4127229.919509902131 +3.6954956124191085e-03
2023-10-19T14:35:05.000 4.949231286445860860e+03 1.829707317567532755e+03  4127223.984415767714 +2.4511362016710336e-04
2023-10-19T14:35:15.000 4.370242713384026501e+03 1.718279277769496048e+03  4127218.048134759068 -7.7820489866553544e-04
2023-10-19T14:35:25.000 4.541247909201493712e+03 1.685984247985490356e+03  4127212.108458310366 -2.8163094210640338e-03
2023-10-19T14:35:35.000 5.052292942646583469e+03 1.737571994682579316e+03  4127206.175060985610 +2.3061987677692741e-03
2023-10-19T14:35:45.000 5.423027778586479144e+03 1.761677097964747418e+03  4127200.234839871060 -5.3840988221054431e-04
2023-10-19T14:41:15.000 5.086400254447847146e+03 1.910962361243447504e+03  4127000.670667115599 +1.2374526028224864e-03
2023-10-19T14:41:25.000 5.220464371174868575e+03 1.861883623244105820e+03  4126994.529868671671 -1.9498727749578393e-04
2023-10-19T14:41:35.000 5.410853835412784065e+03 1.917849476105796384e+03  4126988.383614461869 -2.0906358092815935e-03
2023-10-19T14:41:45.000 4.795183156041137408e+03 1.791734093318036230e+03  4126982.237365176436 +1.9057737717957934e-03
2023-10-19T14:41:55.000 4.642876907453282911e+03 1.799511679402064829e+03  4126976.079540643375 +1.0212908538278498e-03
2023-10-19T14:42:05.000 5.059771452093103107e+03 1.771889551916894106e+03  4126969.914239667356 -2.7656920292429277e-04
2023-10-19T14:42:15.000 5.496718313803653473e+03 1.892064615166053272e+03  4126963.743381902575 -4.8910146756497852e-04
2023-10-19T14:42:25.000 5.476449481140590251e+03 1.937548279919367815e+03  4126957.567464706488 -6.8070985344093060e-04
2023-10-19T14:42:35.000 5.966533279058033258e+03 2.004396908591488454e+03  4126951.391290018801 +8.9682285340586532e-04
2023-10-19T14:42:45.000 6.096400649810165305e+03 2.086510994258915616e+03  4126945.215239264071 -2.7191579908958374e-04
2023-10-19T14:48:15.000 4.526803750279990709e+03 1.845911698633362448e+03  4126737.946042663883 +3.7172166344134894e-05
2023-10-19T14:48:25.000 5.378868069819458469e+03 1.815262090781791812e+03  4126731.579505358357 +1.1596608260333596e-04
2023-10-19T14:48:35.000 4.854685117899145553e+03 1.980319150459903085e+03  4126725.202746818308 +3.0718336961399473e-04
2023-10-19T14:48:45.000 5.181799772789279814e+03 1.926518721258224787e+03  4126718.819448819384 -1.7422880586082101e-03
2023-10-19T14:48:55.000 4.987356511175873493e+03 1.879903881316673733e+03  4126712.440607391763 +2.5859380519932529e-03
2023-10-19T14:49:05.000 5.417643481077340766e+03 1.915483287455859681e+03  4126706.051552442368 -7.2216984733586287e-04
2023-10-19T14:49:15.000 5.461463531788335786e+03 1.962720700454778580e+03  4126699.660093818326 -7.9053937713524647e-04
2023-10-19T14:49:25.000 4.954206448689491481e+03 1.748261724313460945e+03  4126693.259900625329 +9.0278614254657441e-04
2023-10-19T14:49:35.000 5.181177707302500494e+03 1.883496624558430767e+03  4126686.840396835469 -2.0228529115229321e-04
2023-10-19T14:55:15.000 5.475209827465017952e+03 1.889912472220059954e+03  4126465.994644403923 -6.9859363986779499e-04
2023-10-19T14:55:25.000 5.321311542456247480e+03 1.892201810489689933e+03  4126459.405176372267 -3.3658472875686130e-04
2023-10-19T14:55:35.000 5.422123300432150245e+03 1.932061007927073661e+03  4126452.814214965794 +1.1946958425141929e-03
2023-10-19T14:55:45.000 5.516323901165385905e+03 1.931312134304777146e+03  4126446.217276801355 +1.3008425730731688e-03
2023-10-19T14:55:55.000 5.171056575306696686e+03 1.926403500354518883e+03  4126439.609362242278 -2.9625995725837129e-03
2023-10-19T14:56:05.000 4.632578604526196614e+03 1.854169458818813155e+03  4126432.999709894881 -8.5089869196508516e-04
2023-10-19T14:56:15.000 5.136807603115541497e+03 1.895983596989235593e+03  4126426.382450949866 +2.0089422355340503e-03
2023-10-19T14:56:25.000 4.549000169918536812e+03 1.806309813277394369e+03  4126419.754944419488 +1.2381631568132434e-03
2023-10-19T14:56:35.000 5.578340050502722988e+03 1.839520325851997541e+03  4126413.123175942805 -1.6102109984785784e-03
2023-10-19T14:56:45.000 4.655564054811120513e+03 1.829700372493550049e+03  4126406.502248771023 +7.2435463403053291e-04
2023-10-19T15:02:15.000 5.620795596441487760e+03 1.908040218868142574e+03  4126184.651868156623 +6.1872237313309597e-04
2023-10-19T15:02:25.000 4.112838642503521442e+03 1.787866729337281186e+03  4126177.842236289755 -3.5530795162230788e-04
2023-10-19T15:02:35.000 5.694970266525630905e+03 1.972614398653565331e+03  4126171.032900950871 -1.1627962587681395e-03
2023-10-19T15:02:45.000 5.246944792719346879e+03 1.908281964115286655e+03  4126164.222074351739 +1.1074721173827129e-03
2023-10-19T15:02:55.000 5.376353417297157648e+03 1.925995451986707621e+03  4126157.402131224517 +8.5466597704453307e-04
2023-10-19T15:03:05.000 5.587807431635187640e+03 1.911845025787478335e+03  4126150.574123333674 -5.7922838630020124e-04
2023-10-19T15:03:15.000 4.860348067443959735e+03 1.891633601952388744e+03  4126143.740242136177 -1.5063944639450710e-03
2023-10-19T15:03:25.000 4.895900014313371685e+03 1.891141601973484967e+03  4126136.904559000395 +1.7873896432547554e-03
2023-10-19T15:03:35.000 5.339091305644234126e+03 1.808917584507936454e+03  4126130.056491671130 -5.5043343115812604e-04
2023-10-19T15:03:45.000 5.807349114922692024e+03 1.957645821748136086e+03  4126123.201851114631 +4.7999179059843300e-05
2023-10-19T15:09:15.000 5.134717347551394596e+03 1.818068954985478968e+03  4125894.535906455014 +2.1318579661055992e-03
2023-10-19T15:09:25.000 5.451734160518084536e+03 1.908869506882138012e+03  4125887.513480302878 -1.8447336619829002e-03
2023-10-19T15:09:35.000 4.870367404511761379e+03 2.055753271746762493e+03  4125880.498554386199 +4.1590988519146777e-04
2023-10-19T15:09:45.000 5.239643940907003525e+03 1.874756135458859262e+03  4125873.475393616594 -1.1449444621121074e-03
2023-10-19T15:09:55.000 4.940183220411963703e+03 1.911466679380818505e+03  4125866.450274255592 +2.4046890174531654e-03
2023-10-19T15:10:05.000 5.139757249941612827e+03 1.919004477743388861e+03  4125859.411526765674 -1.4617825445384369e-04
2023-10-19T15:10:15.000 4.831157121034469128e+03 1.800710097605800229e+03  4125852.369210034143 +3.4617524966051860e-04
2023-10-19T15:10:25.000 5.362586839789911210e+03 1.865882298611202486e+03  4125845.318067236338 -2.8404998995483766e-03
2023-10-19T15:10:35.000 5.014563225690139006e+03 1.841219050435921645e+03  4125838.272008294240 +3.0114951631503573e-03
2023-10-19T15:10:45.000 5.787528425822428289e+03 1.893783798629512603e+03  4125831.212613996118 -6.1261767541509471e-04
2023-10-19T15:18:15.000 4.643060462375447059e+03 1.893873778729413743e+03  4125508.527380770538 +3.5099566889584821e-04
2023-10-19T15:18:25.000 4.787714339139908589e+03 1.899370062830915231e+03  4125501.250746657141 -2.3865724779170705e-04
2023-10-19T15:18:35.000 4.879007428485160744e+03 1.866761182447454530e+03  4125493.972214005888 +1.7842617103269731e-04
2023-10-19T15:18:45.000 4.955918682733689820e+03 1.781505112337397122e+03  4125486.687270422466 -1.0454859523179039e-03
2023-10-19T15:18:55.000 4.946901475703341930e+03 1.822298764112486879e+03  4125479.400060649496 +1.4346386800525579e-03
2023-10-19T15:19:05.000 4.762706307584743627e+03 1.883242653032348244e+03  4125472.102797985077 +2.1319474831216212e-04
2023-10-19T15:19:15.000 4.948102830436601835e+03 1.932124766562065361e+03  4125464.799111502711 -1.6736698033810171e-03
2023-10-19T15:19:25.000 5.181455305993780712e+03 1.865434867855698712e+03  4125457.496053096838 +1.1041708063430633e-03
2023-10-19T15:19:35.000 4.840646051278648883e+03 1.775298099356724833e+03  4125450.187787903473 -2.9358714618865633e-04
2023-10-19T15:25:15.000 5.970463640952008973e+03 1.996247450142570415e+03  4125199.141682177316 -1.3409576503136122e-03
2023-10-19T15:25:25.000 6.294292828381457184e+03 1.954636881548119845e+03  4125191.680883007590 +1.1623653504102549e-03
2023-10-19T15:25:35.000 4.761376256355272744e+03 1.964702923731446390e+03  4125184.207334389444 +1.5709513104411599e-04
2023-10-19T15:25:45.000 4.994458119984649784e+03 1.913220304259029490e+03  4125176.726364063565 -1.8267629718593525e-04
2023-10-19T15:25:55.000 5.276389489284419142e+03 1.950743170187304713e+03  4125169.238951658830 -7.2639770996829611e-04
2023-10-19T15:26:05.000 5.235394277468376458e+03 1.907898431883503690e+03  4125161.748406056780 -1.1487550204947183e-04
2023-10-19T15:26:15.000 5.472491128734901395e+03 1.908023262295027735e+03  4125154.254222236108 -3.0860663275689149e-04
2023-10-19T15:26:25.000 5.386065975532373159e+03 1.905653105801480251e+03  4125146.760271924082 +2.1976900249001119e-03
2023-10-19T15:26:35.000 5.946237137586604149e+03 1.995080793371082109e+03  4125139.256210366264 -1.6233300823387253e-03
2023-10-19T15:26:45.000 6.083906947308587405e+03 1.958681025146426236e+03  4125131.750630840659 +4.1768926507756987e-04
2023-10-19T15:32:15.000 5.421455486882435252e+03 2.035213817153177615e+03  4124881.556300060358 +1.4416393323699594e-03
2023-10-19T15:32:25.000 5.545293104527478135e+03 1.913335774291405414e+03  4124873.898926422931 -1.1247863899370714e-03
2023-10-19T15:32:35.000 5.984319810293773116e+03 1.916795643827368849e+03  4124866.238143268973 -5.0821474087570095e-04
2023-10-19T15:32:45.000 5.177529226447453766e+03 1.898385632639734467e+03  4124858.571970246267 +7.3741788389725116e-04
2023-10-19T15:32:55.000 4.951250587944810832e+03 1.844818339531224638e+03  4124850.898999387398 -3.2330988040030206e-04
2023-10-19T15:33:05.000 5.348520617915793991e+03 1.896025770738083565e+03  4124843.227130267769 +2.4840348651196109e-03
2023-10-19T15:33:15.000 6.531740108196351684e+03 2.098783031109342119e+03  4124835.546143153217 -2.2269366634191101e-03
2023-10-19T15:33:25.000 5.741832389850031177e+03 2.002555150916493176e+03  4124827.871124974918 +7.7872368672160519e-04
2023-10-19T15:33:35.000 5.365380355360848625e+03 1.825240381780687130e+03  4124820.188961916137 +6.0606084684877715e-04
2023-10-19T15:33:45.000 5.179844154361028814e+03 1.814905133136879385e+03  4124812.497048680671 -3.0433340043600765e-04
2023-10-19T15:39:15.000 5.462007719078265836e+03 1.973968556963210631e+03  4124556.164477356710 -6.9913786546749179e-04
2023-10-19T15:39:25.000 6.155283294439417659e+03 1.938248595753296286e+03  4124548.333315509371 +1.3032373609576098e-03
2023-10-19T15:39:35.000 5.691979568298503182e+03 1.963988126108648657e+03  4124540.488737464882 -1.3984423991360018e-03
2023-10-19T15:39:45.000 5.480971671831755884e+03 1.971216076047232264e+03  4124532.643743744120 -1.7273185562771687e-04
2023-10-19T15:39:55.000 5.794794610540993745e+03 1.985484349474545070e+03  4124524.796436578967 +9.4305230481950275e-04
2023-10-19T15:40:05.000 5.030648978842783436e+03 1.971734612986702132e+03  4124516.945000367705 -4.8133551104001526e-05
2023-10-19T15:40:15.000 5.208111301509917212e+03 2.005280048652744199e+03  4124509.090237348340 -8.3879953172072419e-04
2023-10-19T15:40:25.000 5.940618268999315660e+03 1.970397411553195525e+03  4124501.230976391118 +3.2045194961938250e-04
2023-10-19T15:40:35.000 5.871209348426110409e+03 2.004388052357566721e+03  4124493.359751732554 +2.8245974021956499e-05
2023-10-19T15:40:45.000 5.199811721057900286e+03 1.863096679981632406e+03  4124485.473298567347 -4.3388391532062087e-05
2023-10-19T15:46:15.000 5.522247428132098321e+03 1.886695964624876297e+03  4124223.597424681764 +7.2820861305444851e-05
2023-10-19T15:46:25.000 5.336782164012777685e+03 1.937693519507064366e+03  4124215.584628541954 -4.8178730662584712e-04
2023-10-19T15:46:35.000 5.111633880328177838e+03 1.929458838837412486e+03  4124207.572492421605 +4.6313456050484092e-04
2023-10-19T15:46:45.000 5.884338926213731611e+03 2.102184026983869444e+03  4124199.558396111708 +4.6748611146085750e-04
2023-10-19T15:46:55.000 5.954184224526524304e+03 2.123474270508349491e+03  4124191.540545711759 -6.5698410162440268e-04
2023-10-19T15:47:05.000 5.634468532623278406e+03 1.937039672930479128e+03  4124183.519654155243 -9.7440481340527185e-05
2023-10-19T15:47:15.000 5.289090185288038811e+03 1.812938601820584154e+03  4124175.492030445021 +1.1797973490956792e-04
2023-10-19T15:47:25.000 5.348422505298042779e+03 1.831730422777771764e+03  4124167.458094100468 +7.0332624363800278e-04
2023-10-19T15:47:35.000 5.763533815149107795e+03 1.946493632204101687e+03  4124159.417595234700 -5.9638125094352290e-04
2023-10-19T15:47:45.000 6.039890242603032675e+03 2.043416875062650661e+03  4124151.379696154501 +1.4515616976495949e-04
