# Observation conducted on 2023.10.19 at Tr rev. 2
# Base frequency: 8432.00 MHz BW: 2 kHz dF: 0.2 Hz dT: 10.0 s Nscans: 1
# Format: UTC Time     |    Signal-to-Noise     |      Spectral max      | Freq detection [Hz] |   Doppler noise [Hz]  |
# 
2023-10-19T14:20:05.000 6.819821379815229448e+05 5.843451607686642092e+03  4126223.566062249709 -7.3784664209597395e-05
2023-10-19T14:20:15.000 4.642313597939999308e+05 6.551866046354844912e+03  4126218.075621027034 +4.1968058335442038e-03
2023-10-19T14:20:25.000 7.230775264866724610e+05 5.929972173900177950e+03  4126212.574412666261 -6.3927948419859604e-03
2023-10-19T14:20:35.000 6.401901394288965967e+05 5.671826217987645578e+03  4126207.096900395583 +8.0020830195053350e-03
2023-10-19T14:20:45.000 6.667113725735581247e+05 5.760559084890369377e+03  4126201.601112570148 +8.4148925988074552e-03
2023-10-19T14:20:55.000 7.375910219868342392e+05 5.626959997192432638e+03  4126196.073602554854 -1.7373770503581909e-02
2023-10-19T14:21:05.000 7.365963314734150190e+05 5.906869201471536144e+03  4126190.590289285406 +6.6028673924165560e-03
2023-10-19T14:21:15.000 6.617178163538440131e+05 5.930754241003993229e+03  4126185.084870464168 +1.3509429202940737e-02
2023-10-19T14:21:25.000 6.334858342461866559e+05 5.969406486723916714e+03  4126179.536756846588 -1.7758852912720613e-02
2023-10-19T14:21:35.000 5.994033870092778234e+05 5.789149541060796764e+03  4126174.041346009821 +8.2961071658473884e-03
2023-10-19T14:21:45.000 6.596759300077701919e+05 5.911848951886701798e+03  4126168.504621210508 -1.0274197768467275e-03
2023-10-19T14:27:15.000 7.093950002771811560e+05 6.127548909874539277e+03  4125983.120960712433 +2.6856668339405587e-03
2023-10-19T14:27:25.000 6.978539871271639131e+05 6.035598727111548214e+03  4125977.418447706848 +8.5305184700246173e-04
2023-10-19T14:27:35.000 7.286555747212915448e+05 6.116273698671910097e+03  4125971.696195587981 -1.1572599079045176e-02
2023-10-19T14:27:45.000 7.010407866889435099e+05 6.100987517223187751e+03  4125966.010025087744 +1.4526312645784856e-02
2023-10-19T14:27:55.000 7.172809175718544284e+05 6.208604728399004671e+03  4125960.284658279270 +2.1478515623130079e-03
2023-10-19T14:28:05.000 7.034028349813168170e+05 6.140761371014335054e+03  4125954.553956954274 -1.3227640371042071e-02
2023-10-19T14:28:15.000 8.076277602987657301e+05 6.187572523339040345e+03  4125948.849656212609 +3.4594832414995835e-03
2023-10-19T14:28:25.000 6.458152221343121491e+05 6.180127608327036796e+03  4125943.122088334523 +5.9354823673629653e-03
2023-10-19T14:28:35.000 8.100378483824614668e+05 6.289636941170763748e+03  4125937.372066156939 -3.1599579272096889e-03
2023-10-19T14:28:45.000 7.737735580809287494e+05 6.271618467108962250e+03  4125931.625545369927 +7.5200540777586866e-04
2023-10-19T14:34:15.000 5.984476042345649330e+05 5.923289644293762649e+03  4125739.508993514348 -7.1549102646031315e-03
2023-10-19T14:34:25.000 6.326171114694895223e+05 5.848446951789906052e+03  4125733.608675470110 +2.4009267433484638e-03
2023-10-19T14:34:35.000 7.597271140676724026e+05 5.969403897698137371e+03  4125727.704431821126 +8.3864501649486556e-03
2023-10-19T14:34:45.000 7.114990975233546924e+05 6.153696415544049160e+03  4125721.768228422850 -1.3629891460254839e-02
2023-10-19T14:34:55.000 6.602755618320057401e+05 6.024793277796472466e+03  4125715.870872774161 +8.9452620096608371e-03
2023-10-19T14:35:05.000 4.935793275548066013e+05 6.456581755227153735e+03  4125709.933551548515 -2.3345088364976618e-03
2023-10-19T14:35:15.000 6.835680342916864902e+05 6.065381101282102463e+03  4125703.995222374331 -9.1658420241174099e-03
2023-10-19T14:35:25.000 7.130661238157437183e+05 5.641919113645812104e+03  4125698.084175163414 +1.5463518163528533e-02
2023-10-19T14:35:35.000 7.141921359140998684e+05 5.749698716860241802e+03  4125692.119887419045 -1.0472192941278990e-02
2023-10-19T14:35:45.000 7.599835859031566652e+05 5.771887128547823522e+03  4125686.192876918241 +2.2137018606827041e-03
2023-10-19T14:41:15.000 5.070448200525091961e+05 6.282000101688978248e+03  4125487.340149301104 -2.5397613393352003e-03
2023-10-19T14:41:25.000 6.693580996169818100e+05 6.144953333099424526e+03  4125481.246414467692 +4.0541413397932047e-03
2023-10-19T14:41:35.000 6.874594612864177907e+05 6.213898493662887631e+03  4125475.138181151822 +9.2183182971439237e-04
2023-10-19T14:41:45.000 7.448164782927451888e+05 6.243200671395396057e+03  4125469.011519317050 -1.0359635994177552e-02
2023-10-19T14:41:55.000 7.425291210331601324e+05 6.167227831395898647e+03  4125462.907886230852 +1.0565292199203213e-02
2023-10-19T14:42:05.000 7.575557576276134932e+05 6.116232077768738236e+03  4125456.762477574870 -5.3950472022279428e-03
2023-10-19T14:42:15.000 7.111904971277664881e+05 6.226858073986141790e+03  4125450.651276055723 +1.3692250128997330e-02
2023-10-19T14:42:25.000 7.300837832086172421e+05 6.203137636723467949e+03  4125444.486659783870 -2.0183797421736926e-02
2023-10-19T14:42:35.000 6.446953452518843114e+05 6.054160410733056779e+03  4125438.385257377755 +1.6300219274171468e-02
2023-10-19T14:42:45.000 6.915235372346488293e+05 5.886928256497153598e+03  4125432.203537528403 -3.1851602882397856e-03
2023-10-19T14:48:15.000 7.624973993949092692e+05 6.345098589458058086e+03  4125226.731637968682 +1.2513458282569445e-02
2023-10-19T14:48:25.000 7.301871076315798564e+05 6.339822476982027183e+03  4125220.399168334436 -4.2821468174452093e-03
2023-10-19T14:48:35.000 7.884499171185729792e+05 6.249399654738575009e+03  4125214.079649211839 -1.7053584080258588e-02
2023-10-19T14:48:45.000 7.233047156675517326e+05 6.130006146020474262e+03  4125207.810664092191 +1.3196615763490627e-02
2023-10-19T14:48:55.000 4.896251306041954667e+05 6.405545828869933757e+03  4125201.509946525563 +1.3618521688499641e-02
2023-10-19T14:49:05.000 6.948835962245065020e+05 6.078334934703003455e+03  4125195.189141564071 +6.9825623033921147e-03
2023-10-19T14:49:15.000 7.346729164873711998e+05 6.074121533515914962e+03  4125188.838162912987 -1.0257006537472080e-02
2023-10-19T14:49:25.000 7.765135319641394308e+05 6.126224334428187831e+03  4125182.489338481799 -1.0110235568845383e-02
2023-10-19T14:49:35.000 6.894609524800648214e+05 6.393150921976558493e+03  4125176.175278554205 +1.8523003059613075e-02
2023-10-19T14:49:45.000 6.280834008094641613e+05 5.771011140228230943e+03  4125169.858523802366 -6.7926533904483222e-03
2023-10-19T14:55:15.000 6.533456453212619526e+05 6.334109100426462646e+03  4124958.383433708455 +1.7424555544494069e-02
2023-10-19T14:55:25.000 7.355090253438971704e+05 6.193107348647931758e+03  4124951.858635829296 -1.5397652636579551e-02
2023-10-19T14:55:35.000 7.104393445327837253e+05 5.916386154540577991e+03  4124945.372680885717 -6.0398894358968391e-03
2023-10-19T14:55:45.000 7.510895876711339224e+05 6.279583775961506944e+03  4124938.904851676896 +2.2953868890795093e-02
2023-10-19T14:55:55.000 6.651366254455236485e+05 6.245509447126497435e+03  4124932.361323180143 -2.0116592054932880e-02
2023-10-19T14:56:05.000 7.491375247296413872e+05 6.424120325114556181e+03  4124925.872509576846 -1.5970783384773313e-03
2023-10-19T14:56:15.000 6.927233122688408475e+05 6.227348492016566524e+03  4124919.375883997418 +1.7504371341033220e-02
2023-10-19T14:56:25.000 8.837002572024870897e+05 6.259838009394533401e+03  4124912.823636472691 -1.3660943088098065e-02
2023-10-19T14:56:35.000 6.793065005378399510e+05 6.176022786550606725e+03  4124906.335224792827 +1.3932091549690995e-02
2023-10-19T14:56:45.000 6.793722900574273663e+05 6.292719727079439508e+03  4124899.827805257402 -3.2232282201221096e-03
2023-10-19T15:02:15.000 6.710755739151122980e+05 6.199949666331001026e+03  4124681.924846626818 +1.2821988111909377e-02
2023-10-19T15:02:25.000 7.222811761297993362e+05 6.101022551830931661e+03  4124675.218790363055 -1.5305375839261615e-02
2023-10-19T15:02:35.000 6.797297403734943364e+05 6.096203791579669087e+03  4124668.554605392274 -2.3777617287805697e-03
2023-10-19T15:02:45.000 7.257301051468368387e+05 6.200302961248273277e+03  4124661.902280733455 +2.3559324768712031e-02
2023-10-19T15:02:55.000 8.322389907106298488e+05 6.140086132722289221e+03  4124655.181948169135 -1.3710771192222637e-02
2023-10-19T15:03:05.000 8.839663832306681434e+04 5.600401133958402170e+03  4124648.473715223838 -3.0780181130694473e-02
2023-10-19T15:03:15.000 4.260446269057235913e+05 5.695637099305671654e+03  4124641.814174176659 +9.8551901138534959e-03
2023-10-19T15:03:25.000 7.545260024443840375e+05 6.208776188636069492e+03  4124635.100815632846 +2.1719274542419953e-03
2023-10-19T15:03:35.000 7.570466802442542976e+05 6.312613383787606836e+03  4124628.394905056339 -2.5416682792638312e-03
2023-10-19T15:03:45.000 6.896245126818261342e+05 6.476581509764479051e+03  4124621.719937302172 +7.3164088257726689e-04
2023-10-19T15:09:15.000 7.289596352713676170e+05 5.965053036392815557e+03  4124398.218538143206 +1.7854856007488706e-02
2023-10-19T15:09:25.000 7.996296219584627543e+05 6.423159538480507763e+03  4124391.332315140404 -2.2105808792844073e-02
2023-10-19T15:09:35.000 7.042362033509361790e+05 6.194384466373557188e+03  4124384.524349729531 +2.1524988554688207e-02
2023-10-19T15:09:45.000 7.370631114930468611e+05 6.275467544340343011e+03  4124377.630116987508 -1.7437811324953145e-02
2023-10-19T15:09:55.000 7.579401093505804893e+05 6.196023630882681573e+03  4124370.808178784326 +1.9086947510231767e-02
2023-10-19T15:10:05.000 6.745190117970912252e+05 6.165749036138538941e+03  4124363.911237569991 -1.5839311017316504e-02
2023-10-19T15:10:15.000 6.722113690808980027e+05 6.019594986864723978e+03  4124357.075755823869 +1.5104824675290729e-02
2023-10-19T15:10:25.000 6.815310746480969246e+05 6.298802593881019675e+03  4124350.165568763856 -2.3226269179190240e-02
2023-10-19T15:10:35.000 6.728869846023173304e+05 6.235057905482611204e+03  4124343.328352830838 +1.7683499558756921e-02
2023-10-19T15:10:45.000 6.257909972347802250e+05 6.116571566730719496e+03  4124336.420728107914 -5.2253720899670952e-03
2023-10-19T15:18:15.000 8.434851258572110673e+05 5.988938572327710972e+03  4124022.667222653516 -1.0628350917500029e-02
2023-10-19T15:18:25.000 8.726988585182148963e+05 6.154645406640031069e+03  4124015.643832433037 +2.3766926897110352e-02
2023-10-19T15:18:35.000 7.566541356289644027e+05 5.804349952560545717e+03  4124008.526311575901 -3.2766763524705311e-02
2023-10-19T15:18:45.000 7.620516175646205666e+05 6.081196256123838793e+03  4124001.499089257326 +1.2403728976437378e-02
2023-10-19T15:18:55.000 8.541156208463903749e+05 6.033958074806560035e+03  4123994.400925311726 -3.6769476821518765e-03
2023-10-19T15:19:05.000 8.851940828360483283e+05 6.119338289780625018e+03  4123987.324248627760 +4.9529596467436932e-03
2023-10-19T15:19:15.000 7.847071588247704785e+05 6.134563691346017549e+03  4123980.246647282038 +9.8296555859178625e-03
2023-10-19T15:19:25.000 8.092538661867988994e+05 5.876216095812631465e+03  4123973.133879612666 -2.3757914330417407e-02
2023-10-19T15:19:35.000 8.620232865770763019e+05 6.007397500596910504e+03  4123966.085718596820 +1.4243523892560006e-02
2023-10-19T15:19:45.000 8.907889024235652760e+05 5.637586030050667432e+03  4123958.949081702624 -3.0513602050632471e-03
2023-10-19T15:25:15.000 8.315030296546861064e+05 6.004623558650878294e+03  4123722.799765587784 +4.8334724283449759e-04
2023-10-19T15:25:25.000 9.112087855053518433e+05 5.901707064411511965e+03  4123715.581405395176 +7.3243871981958364e-03
2023-10-19T15:25:35.000 8.801314295566187939e+05 5.984164986239011341e+03  4123708.314650475979 -1.9282062937577393e-02
2023-10-19T15:25:45.000 9.015135761212935904e+05 5.784551302671881785e+03  4123701.101964554284 +7.8240071372874809e-03
2023-10-19T15:25:55.000 8.408777555945175700e+05 5.769290517965855543e+03  4123693.881180338096 +2.3217508713742063e-02
2023-10-19T15:26:05.000 8.580365297556272708e+05 6.000906956680049916e+03  4123686.595194641501 -2.6516078401755294e-02
2023-10-19T15:26:15.000 8.438861001194608398e+05 5.838982117613698392e+03  4123679.379470282700 -3.7826503171345394e-04
2023-10-19T15:26:25.000 7.947418464098254917e+05 5.902544349686073474e+03  4123672.148790317122 +1.8697230818816024e-02
2023-10-19T15:26:35.000 7.522411551641937112e+05 5.723188890559532410e+03  4123664.865856468212 -1.2656543379534924e-02
2023-10-19T15:26:45.000 7.774285214847814059e+05 5.983855302289260180e+03  4123657.646908346098 +2.2799917948077564e-03
2023-10-19T15:32:15.000 9.471947807556653861e+05 6.328404417836329230e+03  4123416.025043364149 -1.2073778798367130e-03
2023-10-19T15:32:25.000 8.750714759652039502e+05 6.367164928101179612e+03  4123408.648535002023 -4.3064750366283988e-04
2023-10-19T15:32:35.000 8.900480565532436594e+05 6.133643969591193127e+03  4123401.260972625576 +1.9087299674538372e-03
2023-10-19T15:32:45.000 8.114261504783994751e+05 5.726525176030949297e+03  4123393.864086059388 +2.6530656027716759e-03
2023-10-19T15:32:55.000 6.884092876929213526e+05 6.333194061761401827e+03  4123386.454866653308 -5.6979745806984283e-03
2023-10-19T15:33:05.000 7.714466186474250862e+05 6.130809245596548863e+03  4123379.056024194695 -3.7581090099365611e-03
2023-10-19T15:33:15.000 8.158862341809405480e+05 5.739712749564622754e+03  4123371.664353023749 +3.8840249051190767e-03
2023-10-19T15:33:25.000 8.775859958589404123e+05 5.693222023672468822e+03  4123364.264317379799 +3.0225678642636922e-03
2023-10-19T15:33:35.000 8.448627434497612994e+05 5.917560284748885351e+03  4123356.852928320412 -4.5162931887716695e-03
2023-10-19T15:33:45.000 8.338174960881437873e+05 6.314077697900970634e+03  4123349.441201929469 +1.3562347442075406e-03
2023-10-19T15:39:15.000 9.260162137445218395e+05 6.385918683463897651e+03  4123103.139635438565 -3.3308953313735401e-03
2023-10-19T15:39:25.000 8.557074943311478710e+05 6.267164696767377791e+03  4123095.616112528834 +3.9221233651005605e-03
2023-10-19T15:39:35.000 9.016015664581792662e+05 6.139872218531873841e+03  4123088.078247632831 +2.5621307863730181e-03
2023-10-19T15:39:45.000 8.452058486556833377e+05 6.215044575568318578e+03  4123080.533792339265 -6.8427596514766265e-03
2023-10-19T15:39:55.000 7.615740754256877117e+05 6.427977580708116875e+03  4123073.010238451418 +9.8843029331874277e-04
2023-10-19T15:40:05.000 9.761829941890316550e+05 6.042553429831992617e+03  4123065.483313566539 +3.1659304399909161e-03
2023-10-19T15:40:15.000 9.422960482742049498e+05 6.199244073428867523e+03  4123057.948054156266 -1.6769000255862920e-03
2023-10-19T15:40:25.000 8.976478977062006015e+05 6.153549274703384071e+03  4123050.413269385230 -2.9894670171870530e-04
2023-10-19T15:40:35.000 9.010505412054366898e+05 6.048103708102070414e+03  4123042.868005857803 +2.3420695526965574e-04
2023-10-19T15:40:45.000 8.293482438857548404e+05 5.998573215182468630e+03  4123035.310387780890 +1.1245226346545678e-05
2023-10-19T15:46:16.000 8.312467365832162322e+05 6.062891761770498306e+03  4122783.791237384081 +1.1523602290708368e-03
2023-10-19T15:46:26.000 6.251375772073129192e+05 6.086757308629051295e+03  4122776.119215472136 -1.0810171092998644e-03
2023-10-19T15:46:36.000 8.082157453941152198e+05 5.753764550923831848e+03  4122768.446085724980 -9.8286151001047983e-04
2023-10-19T15:46:46.000 8.193696153789111413e+05 6.086302541206969181e+03  4122760.769763002638 -6.4605681927787373e-05
2023-10-19T15:46:56.000 7.433406134903448401e+05 5.965064440495572853e+03  4122753.091406001244 +2.3401258901003530e-03
2023-10-19T15:47:06.000 7.425439505438442575e+05 5.852780157665969455e+03  4122745.404753874987 -1.0552618085739596e-03
2023-10-19T15:47:16.000 5.802146706748191500e+05 6.399341378582535981e+03  4122737.721350975800 +2.6700765442910779e-04
2023-10-19T15:47:26.000 9.027245029436477926e+05 5.876671116835384055e+03  4122730.034227613360 -1.1575560004075669e-03
2023-10-19T15:47:36.000 8.994905495815861505e+05 6.019130967341286123e+03  4122722.349374137819 +1.2309731334880780e-03
2023-10-19T15:47:46.000 8.836441743743878324e+05 6.119314604006397531e+03  4122714.656823844183 -3.6755450082637253e-04
