# Observation conducted on 2023.10.19 at Mc rev. 2
# Base frequency: 8432.00 MHz BW: 2 kHz dF: 0.2 Hz dT: 10.0 s Nscans: 1
# Format: UTC Time     |    Signal-to-Noise     |      Spectral max      | Freq detection [Hz] |   Doppler noise [Hz]  |
# 
2023-10-19T14:20:05.000 5.242857207573047162e+02 3.069666001718248936e+02  4127229.107057180721 +1.6423139722974156e-03
2023-10-19T14:20:15.000 5.772564061291296866e+02 3.391479169545897321e+02  4127222.686500349082 -4.2650693659425087e-03
2023-10-19T14:20:25.000 5.825292141561681092e+02 3.550447525363288150e+02  4127216.242720336653 +1.5544092285608713e-03
2023-10-19T14:20:35.000 5.751045011273506589e+02 3.454366532690404483e+02  4127209.785862145480 +7.0053210355354167e-03
2023-10-19T14:20:45.000 6.050092297408846207e+02 3.602815383981139803e+02  4127203.309970609844 -5.4247151279014361e-03
2023-10-19T14:20:55.000 7.085233816059676428e+02 4.030484181196167128e+02  4127196.852102133445 -1.9289567082978465e-03
2023-10-19T14:21:05.000 7.314468306969677087e+02 3.950637391539436862e+02  4127190.393729253672 +1.6473661141844786e-03
2023-10-19T14:21:15.000 5.975551673400213986e+02 3.905444160696414997e+02  4127183.924562097527 +1.2528443767223507e-03
2023-10-19T14:21:25.000 5.768392103124637060e+02 3.733212407553785397e+02  4127177.441075115465 +7.8096596348586900e-04
2023-10-19T14:21:35.000 6.648254600946330584e+02 4.347031844631289346e+02  4127170.935014073737 -1.7985545135843495e-03
2023-10-19T14:21:45.000 5.807329575508607604e+02 3.520535739719036883e+02  4127164.411056516226 +8.4502438437539240e-04
2023-10-19T14:27:15.000 7.986276739418696025e+02 5.824830973601377764e+02  4126947.145645533223 +2.8400962243040340e-03
2023-10-19T14:27:25.000 7.446577829065575997e+02 5.335717937094599392e+02  4126940.458344822749 -3.4270231199116097e-03
2023-10-19T14:27:35.000 8.104658685488921037e+02 5.981097081874708010e+02  4126933.760336507577 -3.3594051546970150e-04
2023-10-19T14:27:45.000 6.768751480332351775e+02 5.556147348947903311e+02  4126927.054784380365 +2.1183966557600797e-03
2023-10-19T14:27:55.000 7.392851312288682948e+02 5.520272062944922027e+02  4126920.346592713147 -1.8693415051984630e-04
2023-10-19T14:28:05.000 6.309094767674348532e+02 5.947274733638276984e+02  4126913.649690018035 +2.2175186774120448e-03
2023-10-19T14:28:15.000 7.919924429408217748e+02 6.229828662673229474e+02  4126906.951949830167 -2.2490396329430951e-03
2023-10-19T14:28:25.000 7.312899644435062783e+02 6.560840853041374885e+02  4126900.260932255536 -3.9512875446234830e-05
2023-10-19T14:28:35.000 7.137531302821729469e+02 6.264208544173783366e+02  4126893.557403890882 +1.4776008904391347e-03
2023-10-19T14:28:45.000 6.923599654904601266e+02 5.415235361214241721e+02  4126886.820309829433 -5.7319300390190620e-04
2023-10-19T14:34:15.000 7.695130698087200471e+02 6.778174346600170566e+02  4126661.877131788526 +2.7883889451914001e-03
2023-10-19T14:34:25.000 8.099236327863944780e+02 8.045181523424010948e+02  4126654.968719500117 -1.8147488214026453e-03
2023-10-19T14:34:35.000 7.792361026886939044e+02 7.565666247970921177e+02  4126648.064716908615 -1.6894363450319361e-03
2023-10-19T14:34:45.000 9.888141173901697130e+02 8.692230621627981009e+02  4126641.156712662429 -1.6416615108028054e-04
2023-10-19T14:34:55.000 1.089551698874588965e+03 8.740675754610803097e+02  4126634.242086770479 +3.2206405257966253e-03
2023-10-19T14:35:05.000 6.571608265172288839e+02 7.931479996817067786e+02  4126627.303471449297 -7.5723543626509127e-03
2023-10-19T14:35:15.000 8.208243848762274411e+02 8.522693595671063349e+02  4126620.374105812516 +5.3144774290103669e-04
2023-10-19T14:35:25.000 8.966207584563611590e+02 7.830865054141046357e+02  4126613.427944377065 +8.1251311485175393e-05
2023-10-19T14:35:35.000 8.169187309659677112e+02 7.640041660978761229e+02  4126606.476953897160 +6.5186563654151541e-04
2023-10-19T14:35:45.000 9.176764613063318166e+02 7.420605843090306735e+02  4126599.521778539754 -2.3695722461525293e-04
2023-10-19T14:41:15.000 8.577851252760932539e+02 8.015636745227159281e+02  4126367.254440943711 +9.3766415841400885e-04
2023-10-19T14:41:25.000 8.842910186985411656e+02 8.620321066065670266e+02  4126360.117673618253 -1.1864067014357715e-03
2023-10-19T14:41:35.000 8.122552854232251320e+02 8.329821275831428693e+02  4126352.981386513449 +6.4380264132068987e-04
2023-10-19T14:41:45.000 7.928826657612504505e+02 8.461404650107061798e+02  4126345.841345956083 +1.7447838445150410e-05
2023-10-19T14:41:55.000 7.919092797874174039e+02 8.724755975625104156e+02  4126338.701576876454 +7.1322130565931730e-05
2023-10-19T14:42:05.000 9.961713771893400917e+02 8.786365363553750285e+02  4126331.560110423248 -5.7476107417642197e-04
2023-10-19T14:42:15.000 8.159935639088880635e+02 9.820304666538490892e+02  4126324.419173866045 +2.5597116501785422e-03
2023-10-19T14:42:25.000 6.537780479842901968e+02 9.251783786777432397e+02  4126317.259983177762 -5.2036945635336451e-03
2023-10-19T14:42:35.000 9.342362693237213307e+02 9.094272663588243404e+02  4126310.101762443315 +1.5048212519559456e-03
2023-10-19T14:42:45.000 9.790846001131938010e+02 1.002618057334478181e+03  4126302.913149376865 -3.0341797844357643e-04
2023-10-19T14:48:15.000 8.696721535413607853e+02 1.061278548512601446e+03  4126063.475864873268 +6.9059599275078654e-04
2023-10-19T14:48:25.000 9.526404890239425640e+02 1.074512158000046838e+03  4126056.145178609528 +5.2568425792287599e-04
2023-10-19T14:48:35.000 8.971240786266366740e+02 1.033014518863220246e+03  4126048.799495898187 -2.1173404658156869e-03
2023-10-19T14:48:45.000 8.819769165012444319e+02 1.038088973407757294e+03  4126041.448225022294 +6.2061874484697910e-04
2023-10-19T14:48:55.000 8.220567463433563944e+02 9.548944750928279745e+02  4126034.086585070007 +3.4164214650900249e-04
2023-10-19T14:49:05.000 8.779800327496185446e+02 1.025487991863432399e+03  4126026.723975408357 +2.5070017561574787e-03
2023-10-19T14:49:15.000 9.419386835845153882e+02 1.225516771986615140e+03  4126019.353390197270 -2.4015892497573077e-03
2023-10-19T14:49:25.000 9.241515219572233946e+02 1.078074852580404468e+03  4126011.988043143414 -5.1048854027158086e-04
2023-10-19T14:49:35.000 8.276416434099843400e+02 1.057112645620729154e+03  4126004.616030903999 +1.8560113758212538e-03
2023-10-19T14:49:45.000 1.010901764009849785e+03 1.061932256276850694e+03  4125997.220011589583 -3.9907689233587007e-04
2023-10-19T14:55:15.000 8.489842008737751939e+02 1.106116159047265455e+03  4125750.885105930734 +7.0117698396643391e-04
2023-10-19T14:55:25.000 7.997961734255342208e+02 1.175789380448808515e+03  4125743.342119904235 -3.4437935324831415e-03
2023-10-19T14:55:35.000 1.099548821612371057e+03 1.185461908034770886e+03  4125735.796836955938 +1.7689611321429766e-03
2023-10-19T14:55:45.000 7.843016587271828257e+02 1.125446815576606468e+03  4125728.236797533464 +1.4370339946481181e-03
2023-10-19T14:55:55.000 1.026809828972480773e+03 1.011166208302085920e+03  4125720.668893913273 -5.9113743509442429e-04
2023-10-19T14:56:05.000 9.089217178424819394e+02 1.137812878124037752e+03  4125713.096763790585 -3.4883049532936639e-03
2023-10-19T14:56:15.000 1.050353116066682560e+03 1.104172293704430103e+03  4125705.530611207709 +1.2068825559481411e-03
2023-10-19T14:56:25.000 1.065267147279768778e+03 1.242384436960373023e+03  4125697.959463598672 +2.6813003795496115e-03
2023-10-19T14:56:35.000 7.982222290983326047e+02 1.205863012780820554e+03  4125690.374724478461 -4.7655969030984124e-03
2023-10-19T14:56:45.000 7.496957279478308465e+02 1.126041483835167583e+03  4125682.792488210835 +1.4273660627850404e-03
2023-10-19T15:02:15.000 1.005011538222352442e+03 1.138145042613620035e+03  4125429.767281230073 +1.3856358865496077e-03
2023-10-19T15:02:25.000 8.777934567456796913e+02 1.271306743337956959e+03  4125422.012286838144 -1.9561655312827497e-04
2023-10-19T15:02:35.000 1.005080934228993783e+03 1.194749762796560162e+03  4125414.249523470644 -3.9912040751914901e-03
2023-10-19T15:02:45.000 9.136386712732174828e+02 1.302121893754040684e+03  4125406.497181945015 +4.6222083684597237e-03
2023-10-19T15:02:55.000 9.599852841418949083e+02 1.391182086565665259e+03  4125398.734663189854 +3.3320173870379222e-03
2023-10-19T15:03:05.000 1.004040690768427112e+03 1.261127241191813255e+03  4125390.963053056505 -6.6421615323406513e-03
2023-10-19T15:03:15.000 8.690284619070786221e+02 1.270715077805601823e+03  4125383.209678061306 +4.0005997667549309e-03
2023-10-19T15:03:25.000 9.317680755894249387e+02 1.175807085355397248e+03  4125375.436134403106 +6.6490431731835997e-04
2023-10-19T15:03:35.000 1.173126220162010441e+03 1.250999851215427043e+03  4125367.652880133130 -5.5545333179907175e-04
2023-10-19T15:03:45.000 1.018060807723916241e+03 1.268469527907918291e+03  4125359.852262785658 +1.4349462674090319e-04
2023-10-19T15:09:15.000 1.050766558082562824e+03 1.347773551841682092e+03  4125100.394651012029 +5.7552403442286959e-03
2023-10-19T15:09:25.000 9.597231650970179544e+02 1.358141855942057646e+03  4125092.443169143517 -4.6570612303185044e-03
2023-10-19T15:09:35.000 1.087046052646564021e+03 1.302863419564529522e+03  4125084.500158346258 -3.8117022604637896e-03
2023-10-19T15:09:45.000 7.674399734580591712e+02 1.234679677411255398e+03  4125076.562512157951 +3.4312783444647721e-03
2023-10-19T15:09:55.000 9.319122660603754866e+02 1.477765933071497329e+03  4125068.619531084318 +7.4059992498405336e-03
2023-10-19T15:10:05.000 6.746248987380406561e+02 1.363213510107504362e+03  4125060.657179612666 -3.3849869232653873e-03
2023-10-19T15:10:15.000 9.083708162210483579e+02 1.304207496196984266e+03  4125052.697016418446 -4.6232321678871813e-03
2023-10-19T15:10:25.000 8.143087835709546880e+02 1.348460066956067294e+03  4125044.731377575547 -2.2739247092431469e-03
2023-10-19T15:10:35.000 9.251377388770746393e+02 1.404200641923234798e+03  4125036.762170263566 +4.9250764509451983e-03
2023-10-19T15:10:45.000 8.044059930266192850e+02 1.331535935234627004e+03  4125028.774460940622 -2.2313279413310738e-03
2023-10-19T15:18:15.000 9.246233418117366227e+02 1.440478273016942921e+03  4124665.350010315888 +6.4269818528828182e-04
2023-10-19T15:18:25.000 9.151516575393887933e+02 1.486133003943602944e+03  4124657.171607038006 -6.5929013555887650e-04
2023-10-19T15:18:35.000 9.547841012684132238e+02 1.533202121761173657e+03  4124648.986347980797 +9.1837022466734197e-04
2023-10-19T15:18:45.000 9.765522133533289662e+02 1.568981958576408260e+03  4124640.793400541879 -1.9413945798305576e-03
2023-10-19T15:18:55.000 8.681159585806332188e+02 1.575845662661249662e+03  4124632.605388756376 +1.0830624421487300e-03
2023-10-19T15:19:05.000 1.065963303016417058e+03 1.569385311146401591e+03  4124624.413494184148 +1.5902264144642686e-03
2023-10-19T15:19:15.000 9.465984283193007514e+02 1.598310654723070911e+03  4124616.215142234694 -1.3210214340233506e-03
2023-10-19T15:19:25.000 9.800517361857614560e+02 1.572996843406861672e+03  4124608.015016587917 -1.4997595852719314e-03
2023-10-19T15:19:35.000 9.693314517608059759e+02 1.627303354702951992e+03  4124599.814023924991 +1.7589375995612500e-03
2023-10-19T15:19:45.000 8.740340201472604349e+02 1.614261976341684431e+03  4124591.606448574457 -5.9412506402622967e-04
2023-10-19T15:25:15.000 8.726206488536861343e+02 1.635766121737110780e+03  4124318.354513267055 +1.3863529627542448e-03
2023-10-19T15:25:25.000 1.016200463672821115e+03 1.623960953360862050e+03  4124310.010560954455 -1.3780354350956259e-03
2023-10-19T15:25:35.000 9.919327176079319770e+02 1.620590622950588340e+03  4124301.660328845028 +5.6098112679592305e-04
2023-10-19T15:25:45.000 1.077676499738349321e+03 1.684038930449233021e+03  4124293.299429427832 -1.8187991850027174e-04
2023-10-19T15:25:55.000 9.690860042671803285e+02 1.612594180397595665e+03  4124284.935848968104 +1.2634529571187159e-03
2023-10-19T15:26:05.000 1.134197027975227229e+03 1.607191042622238683e+03  4124276.565978841856 -1.1299935772512981e-03
2023-10-19T15:26:15.000 9.412342003580383789e+02 1.623862893595492096e+03  4124268.198928233236 +8.4271865910068300e-04
2023-10-19T15:26:25.000 1.016902495306094579e+03 1.626110297010483464e+03  4124259.825718926731 -3.7050979562991415e-04
2023-10-19T15:26:35.000 9.490382213830855562e+02 1.690355608130422524e+03  4124251.446849232540 +3.0137425062548573e-04
2023-10-19T15:26:45.000 9.045541998356610520e+02 1.577175813004865176e+03  4124243.050824861974 -1.0029071461303829e-04
2023-10-19T15:32:15.000 9.893055728456341740e+02 1.868918861941078148e+03  4123964.184574230574 -7.6140693272463977e-04
2023-10-19T15:32:25.000 1.204649118540403606e+03 1.858291334759928986e+03  4123955.669690990821 +7.4404286920071172e-05
2023-10-19T15:32:35.000 1.192901261253552320e+03 1.888182972956319873e+03  4123947.152580867056 +7.2064338257860072e-04
2023-10-19T15:32:45.000 1.178664752009139875e+03 1.985847539659798258e+03  4123938.628795978613 -2.7721616447706765e-05
2023-10-19T15:32:55.000 8.274649864896500731e+02 1.950279373262785839e+03  4123930.098146157339 -1.6964041407163677e-03
2023-10-19T15:33:05.000 9.608404172636770681e+02 1.975711219373058157e+03  4123921.566381406505 +4.4326727709176339e-04
2023-10-19T15:33:15.000 9.744397007928649828e+02 1.817802546485210769e+03  4123913.028047177941 -8.7776223460878100e-04
2023-10-19T15:33:25.000 9.589703404841338852e+02 1.743937405008043470e+03  4123904.493145693094 +2.6276515807239775e-03
2023-10-19T15:33:35.000 8.196486115420525493e+02 1.773417819174004535e+03  4123895.948533102404 -2.9073763437281741e-03
2023-10-19T15:33:45.000 9.813474560962121132e+02 1.801923200278444710e+03  4123887.411053563934 +5.2292601253611792e-04
2023-10-19T15:39:15.000 9.611085546270991244e+02 1.842869730822709471e+03  4123603.197975920048 +1.5321880039209645e-04
2023-10-19T15:39:25.000 9.425627882984877033e+02 1.984381969865005203e+03  4123594.524339769967 +1.7454923159903046e-03
2023-10-19T15:39:35.000 1.051567890784290739e+03 1.918232449748363024e+03  4123585.843469258398 -2.3475005237969526e-03
2023-10-19T15:39:45.000 8.674945424924568442e+02 1.966360146603994735e+03  4123577.165607206989 -3.1831088040235045e-04
2023-10-19T15:39:55.000 8.459880556534745892e+02 1.926228520953958423e+03  4123568.483793505467 +2.4807551227468139e-03
2023-10-19T15:40:05.000 1.011219206311477024e+03 1.837875991157299040e+03  4123559.792140705045 +1.2405672512159072e-03
2023-10-19T15:40:15.000 9.003278462040118484e+02 1.906975900409309133e+03  4123551.092408563942 -2.3029426124594465e-03
2023-10-19T15:40:25.000 1.017875013988145724e+03 1.947651946094119467e+03  4123542.393326788209 -1.1187043288600762e-03
2023-10-19T15:40:35.000 7.618795964698500711e+02 1.884991871385381728e+03  4123533.697318238672 +3.2700392119977550e-03
2023-10-19T15:40:45.000 8.128478809367975373e+02 1.930451370362533225e+03  4123524.999417902436 -8.6796050356952037e-04
2023-10-19T15:46:15.000 1.175788783246760659e+03 2.133349658956462008e+03  4123235.719885280821 -3.5579275440795755e-03
2023-10-19T15:46:25.000 8.775643192866094751e+02 1.901613778481978898e+03  4123226.910423667170 +7.3683517510971797e-03
2023-10-19T15:46:35.000 8.392583259119686545e+02 1.913727734111602331e+03  4123218.077861092985 +5.9062107573026879e-04
2023-10-19T15:46:45.000 1.011982455023873854e+03 1.910506330987918773e+03  4123209.241791356821 -3.2632557283704955e-03
2023-10-19T15:46:55.000 8.493177519379182741e+02 1.822366423613281313e+03  4123200.405091862194 -2.1810984418380031e-03
2023-10-19T15:47:05.000 9.863614307691972272e+02 1.972187139158354739e+03  4123191.569412066136 +3.6839271463122714e-03
2023-10-19T15:47:15.000 9.057386207260366291e+02 1.756185943266021923e+03  4123182.721146022901 -1.0522504280743306e-03
2023-10-19T15:47:25.000 9.426283106215649923e+02 1.892916860960234317e+03  4123173.877669503447 +1.9439866537140915e-04
2023-10-19T15:47:35.000 8.749940881160837307e+02 1.809933742640630044e+03  4123165.029477642383 -9.2445433131160826e-04
2023-10-19T15:47:45.000 1.100884753187972365e+03 1.908344746719616523e+03  4123156.177167125512 +2.5458209540829557e-04
