# Observation conducted on 2023.10.19 at Ef rev. 2
# Base frequency: 8432.00 MHz BW: 2 kHz dF: 0.2 Hz dT: 10.0 s Nscans: 1
# Format: UTC Time     |    Signal-to-Noise     |      Spectral max      | Freq detection [Hz] |   Doppler noise [Hz]  |
# 
2023-10-19T14:16:05.000 2.807005582162641986e+02 1.492153310493114873e+02  4127904.672168000601 +3.9472667288009688e-03
2023-10-19T14:16:15.000 3.476241373491610034e+02 1.900758004203798066e+02  4127899.124789854512 -4.3880966824190182e-03
2023-10-19T14:16:25.000 4.055853780366479100e+02 1.899637821328646510e+02  4127893.572554643266 -5.8601840260052995e-04
2023-10-19T14:16:35.000 3.662671283723938700e+02 1.697626075820401468e+02  4127888.003574646544 +7.0075570863536996e-04
2023-10-19T14:16:45.000 3.916654498789655463e+02 1.991864616658426144e+02  4127882.422527587041 +1.4643875872479839e-03
2023-10-19T14:16:55.000 3.944001927924358597e+02 1.815623407678698698e+02  4127876.830436543096 +2.1254480577681534e-04
2023-10-19T14:17:05.000 3.886698561932604434e+02 1.948905873313289021e+02  4127871.238848506939 +6.2376448820486985e-03
2023-10-19T14:17:15.000 4.308573006353104802e+02 2.018096439061087324e+02  4127865.626059940550 -4.0669005381914758e-03
2023-10-19T14:17:25.000 3.135595979503002013e+02 1.492389647646155879e+02  4127860.018700160552 -5.5326179530084119e-03
2023-10-19T14:17:35.000 3.370777742197229827e+02 1.769620254730295983e+02  4127854.417574756779 +1.7181344567234191e-03
2023-10-19T14:17:45.000 3.897548898475683359e+02 1.841483833056787205e+02  4127848.801122491714 -4.1802472280778602e-03
2023-10-19T14:17:55.000 3.925825118650622017e+02 2.156015690457546441e+02  4127843.195639222860 +3.4779938615656647e-03
2023-10-19T14:18:05.000 3.185356537437344286e+02 1.797862836467340912e+02  4127837.577940618619 +2.7233807562652146e-03
2023-10-19T14:18:15.000 3.772435057078702130e+02 1.816334609885876148e+02  4127831.956836144906 +4.4758721319340111e-03
2023-10-19T14:18:25.000 3.806206479829186264e+02 1.711672142716057579e+02  4127826.318107547704 -2.3859680966324959e-03
2023-10-19T14:18:35.000 3.788631353429722139e+02 1.853533702304679878e+02  4127820.669923210051 -5.5199260579001930e-03
2023-10-19T14:18:45.000 4.020842857515963829e+02 1.951383125742135860e+02  4127815.014644287992 +2.7766813186644868e-03
2023-10-19T14:20:15.000 1.069806526871006470e+06 8.555165361813598793e+03  4127763.906672557816 +7.4318688268704136e-04
2023-10-19T14:20:25.000 8.298379866398028098e+05 9.834720199337323720e+03  4127758.189554261975 -5.1788045346938816e-03
2023-10-19T14:20:35.000 1.350998797018631361e+06 1.082015181746441704e+04  4127752.488471034914 +2.7796395588666201e-03
2023-10-19T14:20:45.000 9.448629097433651332e+05 7.867733323597582057e+03  4127746.768818161450 -1.7860698725371549e-03
2023-10-19T14:20:55.000 7.237227061660693726e+05 5.081273303974432565e+03  4127741.042510749307 -3.7096690061844129e-03
2023-10-19T14:21:05.000 5.197261202379717142e+05 3.940377366566232467e+03  4127735.315010043792 +2.2538597473840127e-03
2023-10-19T14:21:15.000 7.157888342663489748e+05 4.544923106904805536e+03  4127729.573912806343 +1.4992530656172676e-03
2023-10-19T14:21:25.000 8.147065847212442895e+05 5.824562200169396419e+03  4127723.828698755708 +7.9998948956472304e-04
2023-10-19T14:21:35.000 6.438513544113641838e+05 4.593530759969929932e+03  4127718.078387651127 -2.5530388546712857e-03
2023-10-19T14:21:45.000 5.352788284742060350e+05 3.532135055635486879e+03  4127712.331997689791 +1.1884529657208986e-03
2023-10-19T14:23:15.000 4.901953349875184927e+02 2.113512685279028176e+02  4127660.242277318612 -6.5335186479842378e-03
2023-10-19T14:23:25.000 4.887542826068862496e+02 2.428709010787204932e+02  4127654.441915696952 -1.4809199683440966e-05
2023-10-19T14:23:35.000 5.034518859529014776e+02 2.364616509281350147e+02  4127648.628703405615 +5.1633429885669102e-03
2023-10-19T14:23:45.000 3.558197964290643540e+02 2.185440013924037146e+02  4127642.797343506012 +1.6490036949790010e-03
2023-10-19T14:23:55.000 3.474407476224611742e+02 1.700089011381784587e+02  4127636.960190470796 +4.7522184900117281e-05
2023-10-19T14:24:05.000 4.644653553692189689e+02 2.142562509116064007e+02  4127631.117063767277 -1.2417673802929130e-03
2023-10-19T14:24:15.000 4.924111590495235760e+02 2.649957780670807210e+02  4127625.267866299488 -3.3840026188727279e-03
2023-10-19T14:24:25.000 4.739632148830405640e+02 2.389722626212776220e+02  4127619.416451510973 -3.2185728367721822e-03
2023-10-19T14:24:35.000 4.876431061775073772e+02 2.405733357638559085e+02  4127613.568976298906 +5.1169023531656421e-03
2023-10-19T14:24:45.000 4.967214739873439271e+02 2.396031641824636722e+02  4127607.702741121873 -9.5020914454835292e-04
2023-10-19T14:24:55.000 4.685010755939399587e+02 2.160912063173576598e+02  4127601.841755488887 +3.1610498584768720e-03
2023-10-19T14:25:05.000 4.301174445080744135e+02 2.253344353349822882e+02  4127595.967459559441 -7.0066520720502012e-05
2023-10-19T14:25:15.000 4.048830155070203318e+02 2.037935615353618743e+02  4127590.085549002048 -3.4180369666501065e-03
2023-10-19T14:25:25.000 3.643575349072777954e+02 1.880334335147939271e+02  4127584.198316093534 -2.5468630319664953e-03
2023-10-19T14:25:35.000 4.009994868643307768e+02 2.215321359704526287e+02  4127578.303746323101 +3.1096450460381675e-03
2023-10-19T14:25:45.000 3.473439734535509160e+02 1.845687768822492671e+02  4127572.384295880329 -8.5153435134088795e-04
2023-10-19T14:27:15.000 6.674920427727628266e+05 4.128734197991172550e+03  4127519.086696649902 +2.6062920446747739e-03
2023-10-19T14:27:25.000 8.472923149998516310e+05 7.502811987701044927e+03  4127513.126850044355 -1.2294379564536939e-03
2023-10-19T14:27:35.000 9.586373139339564368e+05 8.549902680761708325e+03  4127507.170083399862 -6.1528485946382716e-04
2023-10-19T14:27:45.000 9.591330357945252908e+05 8.162573219302323196e+03  4127501.208397118375 -8.4176147765901987e-05
2023-10-19T14:27:55.000 8.744471005857863929e+05 6.781219153692557484e+03  4127495.241525582969 +2.2995577795654754e-03
2023-10-19T14:28:05.000 8.329879109254790237e+05 6.179081750697115240e+03  4127489.261300718877 -6.4307155514597980e-04
2023-10-19T14:28:15.000 8.088019255273147719e+05 6.092649033101449277e+03  4127483.274552013259 -2.2525094865386563e-03
2023-10-19T14:28:25.000 7.587330670792494202e+05 6.775288568837861931e+03  4127477.286604060326 +1.5200744211369965e-03
2023-10-19T14:28:35.000 7.547701975968361367e+05 5.687095260249384410e+03  4127471.289327666163 +2.1707352800603985e-04
2023-10-19T14:28:45.000 7.725526337048914284e+05 5.329813901321181220e+03  4127465.291995704174 -2.1651586496318487e-04
2023-10-19T14:30:15.000 1.814927687397147338e+02 9.669974357449180502e+01  4127411.045763120521 +4.8957931143149835e-03
2023-10-19T14:30:25.000 1.795893649716901166e+02 9.687621867870971926e+01  4127404.982150760014 +8.0690889546986000e-04
2023-10-19T14:30:35.000 2.134489619081491014e+02 1.085455784920825693e+02  4127398.908098288346 -4.4111514896485460e-03
2023-10-19T14:30:45.000 2.948996639145358927e+02 1.415075223851605983e+02  4127392.839529274963 +2.3865589496381290e-03
2023-10-19T14:30:55.000 2.457996479254997269e+02 1.237643656039514326e+02  4127386.752105161548 -4.9023147406614953e-03
2023-10-19T14:31:05.000 2.034468386156336805e+02 1.116067305190425998e+02  4127380.671789733227 -1.2175338686120085e-03
2023-10-19T14:31:15.000 1.830155053966277876e+02 1.033836564255453823e+02  4127374.597317541949 +1.1977583693806082e-02
2023-10-19T14:31:25.000 2.061794463519424596e+02 1.166847551531010083e+02  4127368.494715210982 +1.0628885014511980e-03
2023-10-19T14:31:35.000 2.294307321571515672e+02 1.223196419943251527e+02  4127362.393445170019 -3.7494399889510532e-03
2023-10-19T14:31:45.000 2.105981686543511273e+02 1.200352198157464585e+02  4127356.290357075632 -4.6180460936966483e-03
2023-10-19T14:31:55.000 1.804439462602408923e+02 9.638624183417593372e+01  4127350.194220786914 +8.3059993886536176e-03
2023-10-19T14:32:05.000 1.837736872867152442e+02 9.750598626934450408e+01  4127344.066523163579 -2.4785779755802650e-03
2023-10-19T14:32:15.000 1.544558691299035900e+02 7.233267711711943093e+01  4127337.941439343616 -2.0065549872470001e-03
2023-10-19T14:32:25.000 1.237160684030160809e+02 6.619659276450767038e+01  4127331.811524089891 +2.6905628245685875e-03
2023-10-19T14:32:35.000 1.101374227151482472e+02 5.983584807433191344e+01  4127325.667795041110 +2.5132130366500860e-03
2023-10-19T14:32:45.000 9.399933033161498486e+01 4.924169313371442058e+01  4127319.510876166169 -2.7173426751687657e-03
2023-10-19T14:34:15.000 6.835987424203924602e+05 5.768265556354466753e+03  4127264.056219065562 -5.9368959784933395e-04
2023-10-19T14:34:25.000 6.842914236042978009e+05 6.949397297418437120e+03  4127257.858715893235 -8.4635826260637259e-04
2023-10-19T14:34:35.000 6.382215135557365138e+05 5.300344336383686823e+03  4127251.661647872999 +2.1100574716683695e-03
2023-10-19T14:34:45.000 7.309528427251265384e+05 5.936670515702115154e+03  4127245.457119420636 +1.4561477509005272e-03
2023-10-19T14:34:55.000 8.132033469520402141e+05 6.787510968727923682e+03  4127239.243133421056 -2.8779179350522099e-03
2023-10-19T14:35:05.000 7.111791575613658642e+05 5.584003392800669644e+03  4127233.029042209499 +3.5826562839247345e-04
2023-10-19T14:35:15.000 6.597156235360814026e+05 5.808249801894315169e+03  4127226.804663362447 +1.9708040844079733e-03
2023-10-19T14:35:25.000 7.927072231586450944e+05 7.564427143689257719e+03  4127220.569228888024 +3.9037071906022902e-04
2023-10-19T14:35:35.000 9.085840774020671379e+05 9.030059208030714217e+03  4127214.329704317264 -8.8902927188883041e-04
2023-10-19T14:35:45.000 8.824730870167245157e+05 6.935075726571997620e+03  4127208.095291553065 +3.1246714752342086e-04
2023-10-19T14:37:15.000 1.623450402036305604e+02 7.760440695791588439e+01  4127151.642655841075 +3.5442612502265547e-03
2023-10-19T14:37:25.000 1.828478798876804774e+02 9.048672374299709986e+01  4127145.397536988370 +1.7536851819386357e-02
2023-10-19T14:37:35.000 1.444627331764345115e+02 6.855269993636608206e+01  4127139.089410738554 -1.0652397832359384e-02
2023-10-19T14:37:45.000 1.777475272977013105e+02 9.420784197307956731e+01  4127132.793663253542 -1.0207382997123204e-02
2023-10-19T14:37:55.000 1.891614562229951559e+02 9.476045168348859704e+01  4127126.487053542398 -7.7405117410762614e-03
2023-10-19T14:38:05.000 1.686447600872778025e+02 7.467152345897386567e+01  4127120.171891302336 -3.3488970314010658e-03
2023-10-19T14:38:15.000 1.274353692463716925e+02 6.742025256632487640e+01  4127113.847780799028 +8.9549409631217713e-04
2023-10-19T14:38:25.000 2.087163417765997622e+02 1.032296647120620463e+02  4127107.520237597171 +9.3285344091782463e-03
2023-10-19T14:38:35.000 4.121608278652412878e+02 2.065084943699149846e+02  4127101.171512689907 +3.2840393566857529e-03
2023-10-19T14:38:45.000 2.042473607992407949e+02 1.014962566119890681e+02  4127094.820854763035 +1.1219917497555798e-03
2023-10-19T14:38:55.000 1.761495931109144237e+02 8.924246121095571027e+01  4127088.450947369449 -1.5568307768603518e-02
2023-10-19T14:39:05.000 2.060870249499696456e+02 1.094277494172052485e+02  4127082.099337383173 -1.0773825330943509e-02
2023-10-19T14:39:15.000 1.815355550632261838e+02 9.697974572891473599e+01  4127075.756630579010 +3.9037550569673840e-03
2023-10-19T14:39:25.000 2.292012273283343688e+02 1.223448425507462645e+02  4127069.392631792929 -4.8458382157150481e-03
2023-10-19T14:39:35.000 3.607926873602423825e+02 1.694073714823961154e+02  4127063.055300754029 +6.6803330198581534e-03
2023-10-19T14:39:45.000 2.209225533474344729e+02 1.168566015671368490e+02  4127056.703410271555 -8.3774271913625853e-03
2023-10-19T14:41:15.000 6.889801373506812379e+05 6.318191671535856585e+03  4126999.043491001241 +6.2861623564458569e-04
2023-10-19T14:41:25.000 8.261984642659124220e+05 8.380829421218213611e+03  4126992.613250729628 -1.7641259898937278e-04
2023-10-19T14:41:35.000 7.835589329533078708e+05 7.379773522593523921e+03  4126986.182368490379 -2.4003179896681104e-04
2023-10-19T14:41:45.000 4.237757320189988823e+05 4.059283535099316396e+03  4126979.744383201469 -2.1267124932364823e-03
2023-10-19T14:41:55.000 5.081436917111360235e+05 3.925381927247997737e+03  4126973.305987010244 +3.1940697626851033e-03
2023-10-19T14:42:05.000 7.402677680993240792e+05 6.878074197070453920e+03  4126966.849717409350 -9.0250069160902058e-04
2023-10-19T14:42:15.000 7.622353320341832004e+05 7.362824400255320143e+03  4126960.391846333630 +1.2500529527414983e-03
2023-10-19T14:42:25.000 7.964093941976140486e+05 7.852301352270957977e+03  4126953.922647636384 -2.0654745355841442e-03
2023-10-19T14:42:35.000 6.913590146823432297e+05 6.574472033693145931e+03  4126947.458257555030 +1.9680326880688881e-03
2023-10-19T14:42:45.000 7.729895231480494840e+05 8.376100119601536790e+03  4126940.989528589882 -3.8656296953831770e-04
2023-10-19T14:44:15.000 5.365187632722529543e+02 2.686045377210617744e+02  4126882.492305301130 +1.1826486638256029e-02
2023-10-19T14:44:25.000 6.917927852528443964e+02 3.341590405241884127e+02  4126875.950688254088 -5.9035697196350156e-03
2023-10-19T14:44:35.000 8.869641722215333175e+02 3.763889791731838272e+02  4126869.426160293631 +1.4645682340415078e-03
2023-10-19T14:44:45.000 7.117319555486220679e+02 3.193505995650240266e+02  4126862.882437967230 -3.0841949327395923e-03
2023-10-19T14:44:55.000 5.125623625999606929e+02 2.673617058438543381e+02  4126856.340931001119 +1.0173062876219774e-03
2023-10-19T14:45:05.000 6.193867919332731162e+02 3.140624048230162657e+02  4126849.788466237485 -2.5968032707623934e-04
2023-10-19T14:45:15.000 8.104369426363524553e+02 3.732689860134340165e+02  4126843.234699010383 +1.9694322812711107e-03
2023-10-19T14:45:25.000 7.264336665518421796e+02 3.369854784917198458e+02  4126836.674642913975 +2.1302227140722607e-03
2023-10-19T14:45:35.000 5.441200366137251194e+02 2.717767760012015401e+02  4126830.106211299542 -2.1713625593520192e-03
2023-10-19T14:45:45.000 5.555388358695528268e+02 2.727228787668695418e+02  4126823.534902411047 -5.3659906157008663e-03
2023-10-19T14:45:55.000 5.456202393743410539e+02 2.534958180409533952e+02  4126816.967231933959 -3.9050744521773595e-04
2023-10-19T14:46:05.000 5.639773577556518376e+02 2.842382331288425803e+02  4126810.390079551376 +7.5649404459454672e-04
2023-10-19T14:46:15.000 5.264010002903819441e+02 2.648395113784695241e+02  4126803.808062544093 +4.4861611212354546e-03
2023-10-19T14:46:25.000 5.440162489433519113e+02 2.844897860787339141e+02  4126797.205919251777 -1.8992767483041462e-03
2023-10-19T14:46:35.000 6.308798893468801907e+02 2.814718399921473519e+02  4126790.598268092144 -3.4960684445195511e-04
2023-10-19T14:46:45.000 5.881568748915082097e+02 2.848385940062990471e+02  4126783.971718775574 +1.4246303692289075e-04
2023-10-19T14:48:15.000 8.663401164107354125e+05 7.498187203307755226e+03  4126724.311148141976 +1.8986830518770148e-03
2023-10-19T14:48:25.000 9.334517432957779383e+05 6.912118368154328891e+03  4126717.656970327720 -1.3769901684099750e-03
2023-10-19T14:48:35.000 5.646789305998662021e+05 4.513041087227515163e+03  4126710.999416841660 -2.5518122272387700e-03
2023-10-19T14:48:45.000 4.397248635377524188e+05 3.368794939572632302e+03  4126704.343684193213 +5.4136723865667591e-03
2023-10-19T14:48:55.000 6.003603937463526381e+05 4.180339870372464247e+03  4126697.667820503004 +1.5451432361714978e-03
2023-10-19T14:49:05.000 9.014333840034785680e+05 5.735691050891018676e+03  4126690.985281279311 -5.8957464523246017e-04
2023-10-19T14:49:15.000 9.072400987795415567e+05 7.125795550706831818e+03  4126684.297813955229 +4.1664642367322813e-06
2023-10-19T14:49:25.000 8.357852740293421084e+05 7.659612740551673596e+03  4126677.602578473743 -1.1314329187825933e-03
2023-10-19T14:49:35.000 9.705211654362089466e+05 9.100427087836513238e+03  4126670.907055452932 +1.0016860642281245e-03
2023-10-19T14:49:45.000 9.502066924428394996e+05 7.875330360794838271e+03  4126664.207870911807 -3.1769028169037483e-04
2023-10-19T14:51:15.000 5.365174819006365396e+02 2.626708879034199526e+02  4126603.648185310885 +4.2639971674134358e-03
2023-10-19T14:51:25.000 5.124273109098562600e+02 2.562443527142214066e+02  4126596.916383270640 +5.3528851935880084e-05
2023-10-19T14:51:35.000 4.874211040953172756e+02 2.490430492532905475e+02  4126590.167476642411 -1.8953371168208832e-03
2023-10-19T14:51:45.000 5.378579956108852684e+02 2.653436970217642852e+02  4126583.408217771910 -6.6395295789334341e-05
2023-10-19T14:51:55.000 5.939883496316855371e+02 2.726202966963526251e+02  4126576.634340139572 -2.8121114125951863e-03
2023-10-19T14:52:05.000 5.587556304332099444e+02 2.829264214162340068e+02  4126569.860139859375 +1.1274639522298457e-03
2023-10-19T14:52:15.000 4.582766682665327380e+02 2.337538921088504082e+02  4126563.078081358224 +2.1299727268342394e-03
2023-10-19T14:52:25.000 6.320267892355942649e+02 2.998070068562179813e+02  4126556.287143470254 -2.0635689131722756e-03
2023-10-19T14:52:35.000 6.856818764768831898e+02 2.918828620318567459e+02  4126549.502964930143 +3.6963171490924651e-03
2023-10-19T14:52:45.000 4.944025675917885110e+02 2.385256844116495074e+02  4126542.707134007476 +1.1567949303525893e-03
2023-10-19T14:52:55.000 5.069841632848286395e+02 2.540038846006861775e+02  4126535.907396854833 -1.2293431991565740e-03
2023-10-19T14:53:05.000 4.744455050706081352e+02 2.349280469367352850e+02  4126529.101857933216 -4.2036608757598515e-03
2023-10-19T14:53:15.000 6.278158088150597678e+02 2.870707413602125371e+02  4126522.293306436390 -3.4760623115062117e-03
2023-10-19T14:53:25.000 5.913749885765737417e+02 2.687552276379423688e+02  4126515.481946148444 +2.9046599988760136e-03
2023-10-19T14:53:35.000 4.237232061340533846e+02 2.226865552866128724e+02  4126508.658021780662 +7.0767513007012894e-03
2023-10-19T14:53:45.000 4.173785855406347878e+02 2.015374666794795644e+02  4126501.806027302518 -4.5265810837236131e-03
2023-10-19T14:55:15.000 6.343265008484300924e+05 6.961989890814432329e+03  4126440.146739881020 -1.5755866456856893e-04
2023-10-19T14:55:25.000 5.567087500158546027e+05 5.511194375848682284e+03  4126433.272888670210 -7.9547707173333038e-04
2023-10-19T14:55:35.000 3.368061887440680875e+05 3.959433077702373794e+03  4126426.396775430068 +4.0732253363557902e-03
2023-10-19T14:55:45.000 4.039773946550346445e+05 4.221274763706861449e+03  4126419.503775878344 +2.7774315731221577e-04
2023-10-19T14:55:55.000 4.406944155461992486e+05 4.073175851714433065e+03  4126412.604458041489 -1.9464011689933614e-03
2023-10-19T14:56:05.000 4.482436985148214735e+05 4.533172121000699008e+03  4126405.703175017145 +5.9632662453168450e-04
2023-10-19T14:56:15.000 6.618470340745846042e+05 7.073137717602675366e+03  4126398.793006337713 -1.0362420987348742e-03
2023-10-19T14:56:25.000 7.119205432918402366e+05 7.444820060628299871e+03  4126391.885788437910 +2.0674131758369185e-03
2023-10-19T14:56:35.000 5.273324360443300102e+05 5.930656055507457495e+03  4126384.972712432034 -2.7687994949019412e-03
2023-10-19T14:56:45.000 6.064732541266005719e+05 7.025784671469994464e+03  4126378.074685050175 +5.1327461198980018e-04
2023-10-19T14:58:15.000 3.487485228920661484e+02 1.723462387647625746e+02  4126315.537493534852 +1.5740445847995943e-03
2023-10-19T14:58:25.000 2.902898728022595947e+02 1.609480679392125069e+02  4126308.569670196623 +4.1651824551536265e-03
2023-10-19T14:58:35.000 3.486121431993739748e+02 1.587608373138459967e+02  4126301.594132123515 +1.2744631936811857e-03
2023-10-19T14:58:45.000 3.195795071146353621e+02 1.690839618816407608e+02  4126294.610570244957 -4.5075301208044039e-03
2023-10-19T14:58:55.000 3.297084526688623214e+02 1.703648271648478385e+02  4126287.621885969769 -8.4503463451710559e-03
2023-10-19T14:59:05.000 4.684132015773066087e+02 2.331268166130012105e+02  4126280.639998747967 +2.2703891835362811e-03
2023-10-19T14:59:15.000 4.235795927436271313e+02 2.298399084728293360e+02  4126273.640484373551 +3.3577703271703285e-03
2023-10-19T14:59:25.000 5.428949224642226454e+02 2.490848834644885130e+02  4126266.626773366239 -2.2615156030951766e-03
2023-10-19T14:59:35.000 5.081374061303046119e+02 2.384710379360729746e+02  4126259.620095313527 +5.6536467170644755e-03
2023-10-19T14:59:45.000 3.364672739441801355e+02 1.637476579137213264e+02  4126252.591063288972 -3.6102874195194090e-03
2023-10-19T14:59:55.000 4.032486483265471975e+02 1.744020351898075205e+02  4126245.565655422397 -5.5934598846079098e-03
2023-10-19T15:00:05.000 2.739156406447820586e+02 1.601552683543357887e+02  4126238.542104091961 -3.6269269297690698e-03
2023-10-19T15:00:15.000 3.663899884554195978e+02 1.660992333992522276e+02  4126231.524273671675 +4.6915841277268555e-03
2023-10-19T15:00:25.000 4.116025016105909344e+02 2.100616575467722953e+02  4126224.492924937513 -1.0914275653703953e-03
2023-10-19T15:00:35.000 4.536299192939156910e+02 2.254775096734981901e+02  4126217.471460313536 +1.6065003746916773e-03
2023-10-19T15:00:45.000 4.215895395711251581e+02 2.157333585561839016e+02  4126210.446271858644 -1.1017219359246155e-03
2023-10-19T15:02:15.000 2.738275697177030961e+05 3.864127191959607444e+03  4126146.787056926638 +4.5071528447806486e-03
2023-10-19T15:02:25.000 4.014735950409197249e+05 5.234458530036948105e+03  4126139.685268484522 -1.7201273515183857e-03
2023-10-19T15:02:35.000 4.604586561224391335e+05 7.267582468811441686e+03  4126132.591208614875 -2.4779542741271143e-05
2023-10-19T15:02:45.000 3.676786700947326026e+05 5.823149706180993235e+03  4126125.489059648942 -1.9141423658766143e-03
2023-10-19T15:02:55.000 2.714077500466591446e+05 3.742716603918316196e+03  4126118.390300109051 +6.7050630160565561e-03
2023-10-19T15:03:05.000 3.364534113986466546e+05 5.180457828198033894e+03  4126111.268070061225 -5.8839774965235847e-05
2023-10-19T15:03:15.000 3.720039094781787135e+05 6.095660207156281103e+03  4126104.144561546855 -6.4297549818093103e-04
2023-10-19T15:03:25.000 6.402014793402528157e+05 9.124747552980776163e+03  4126097.015969539061 -1.0298929710188531e-03
2023-10-19T15:03:35.000 6.075742408422486624e+05 9.730635326793300919e+03  4126089.888436538167 +1.2461105510510606e-03
2023-10-19T15:03:45.000 5.427082429536273703e+05 8.723998845172500296e+03  4126082.760459216312 -4.4529652075198101e-04
2023-10-19T15:05:15.000 1.027056607299031157e+03 5.012861863902302844e+02  4126018.317542453296 +2.9598431517570134e-03
2023-10-19T15:05:25.000 7.853877125338087808e+02 4.032350829087384909e+02  4126011.129008050077 -4.1510335620387195e-04
2023-10-19T15:05:35.000 9.579713603176485321e+02 4.387035945021910379e+02  4126003.940004399978 +2.9173052712394565e-04
2023-10-19T15:05:45.000 8.969441855060590569e+02 4.259990137878137375e+02  4125996.743251573294 -2.3913646178925774e-03
2023-10-19T15:05:55.000 8.218755397718525728e+02 3.493565470497135834e+02  4125989.543390975334 -3.8703748136867944e-03
2023-10-19T15:06:05.000 8.297364837762000889e+02 4.133947398324490905e+02  4125982.347318189219 +2.8259851561642790e-03
2023-10-19T15:06:15.000 7.857557774963681823e+02 4.016580291925347410e+02  4125975.138816263061 +1.6582603565211684e-03
2023-10-19T15:06:25.000 9.634995775072516153e+02 4.294194372944531892e+02  4125967.925056993030 +5.6237980743389926e-05
2023-10-19T15:06:35.000 7.804116646069807075e+02 3.727908462224938262e+02  4125960.709415433928 +1.7121633686656423e-03
2023-10-19T15:06:45.000 9.360028900341495728e+02 4.608671176994027974e+02  4125953.485334620811 +4.2415947814333776e-04
2023-10-19T15:06:55.000 1.066333820198246485e+03 5.256552445327173473e+02  4125946.257311981637 +1.0613471699798538e-03
2023-10-19T15:07:05.000 1.128051497074555982e+03 5.405163222939855814e+02  4125939.019071279559 -2.2855187479535743e-03
2023-10-19T15:07:15.000 1.200410096311660709e+03 5.291200671303566878e+02  4125931.777948735282 -1.9392163402471851e-03
2023-10-19T15:07:25.000 1.128737618958685289e+03 5.433192583683992325e+02  4125924.532710507978 +1.1601198477819707e-03
2023-10-19T15:07:35.000 1.251147552848720125e+03 5.595799870818430009e+02  4125917.278428871650 +2.3098787316939706e-03
2023-10-19T15:07:45.000 1.109484932551213660e+03 5.457446709044470481e+02  4125910.011833701283 -1.6248380389924932e-03
2023-10-19T15:09:15.000 6.673908469988850411e+05 6.013077757198934705e+03  4125844.536858995911 +3.2496162174311394e-03
2023-10-19T15:09:25.000 7.508827370279132156e+05 8.015444236011270732e+03  4125837.221723541152 -3.6280531891179635e-03
2023-10-19T15:09:35.000 7.301975004822302144e+05 6.915319127437562202e+03  4125829.916061063297 +1.8710100260932450e-03
2023-10-19T15:09:45.000 9.524455922199750785e+05 8.813758121603916152e+03  4125822.600683839060 -2.5974886602853076e-04
2023-10-19T15:09:55.000 8.591016597117385827e+05 8.779579158955615640e+03  4125815.286393708084 +7.6698125894836267e-04
2023-10-19T15:10:05.000 7.296118791176956147e+05 7.649652677594432134e+03  4125807.967234834097 -2.3613804364686075e-04
2023-10-19T15:10:15.000 5.990483993961022934e+05 5.603572142979868659e+03  4125800.643488363363 -1.4577101308077545e-03
2023-10-19T15:10:25.000 5.393021915460430318e+05 4.870694137425437475e+03  4125793.316185969394 +4.0466860082233325e-04
2023-10-19T15:10:35.000 5.339425861335992813e+05 4.067440851233118337e+03  4125785.977912422735 +9.2570577385231445e-04
2023-10-19T15:10:45.000 6.259242932380710263e+05 5.796905491808312945e+03  4125778.624584095553 -2.9035745910732658e-04
2023-10-19T15:18:15.000 6.135027239999031881e+05 6.039339964385990243e+03  4125443.301143710967 -5.8819848322855250e-04
2023-10-19T15:18:25.000 6.561337504798851442e+05 7.157977143055433771e+03  4125435.740340846125 +2.5254482935679334e-03
2023-10-19T15:18:35.000 8.180074014672677731e+05 7.701067358888561103e+03  4125428.166187082417 -2.5138229345884611e-03
2023-10-19T15:18:45.000 6.545640532647619257e+05 6.533421259796768936e+03  4125420.598988881800 +1.4974823160400774e-03
2023-10-19T15:18:55.000 6.837644185824630549e+05 6.616141202838281060e+03  4125413.025686425623 +1.3221731783232826e-03
2023-10-19T15:19:05.000 7.649082275220600422e+05 6.352864930681274927e+03  4125405.447335496079 -4.6859881729233166e-04
2023-10-19T15:19:15.000 6.593850875537104439e+05 6.193906067627221091e+03  4125397.865111165214 -7.2449867798241030e-04
2023-10-19T15:19:25.000 5.758104160209313268e+05 5.382147822810442449e+03  4125390.277310701087 +5.4037388281358290e-05
2023-10-19T15:19:35.000 3.701625057185275946e+05 3.958765759753335715e+03  4125382.684476874769 +1.6062632531657073e-03
2023-10-19T15:19:45.000 5.372705102027014364e+05 4.541478526094040717e+03  4125375.086430061609 -2.8963386421310133e-04
2023-10-19T15:21:15.000 6.220517792044910266e+02 3.216838753028677615e+02  4125306.486650955863 +3.4140524894610280e-04
2023-10-19T15:21:25.000 6.707875943372259826e+02 3.257665748738675120e+02  4125298.849777169060 +2.1429202041645112e-03
2023-10-19T15:21:35.000 5.618611060124700316e+02 3.052782949543746440e+02  4125291.201728751417 -1.2633306083671414e-03
2023-10-19T15:21:45.000 7.517347134055777360e+02 3.421838573352877120e+02  4125283.549486148637 -3.1708148029565564e-03
2023-10-19T15:21:55.000 5.043842829177208387e+02 2.602181929862404672e+02  4125275.895528222434 -1.1315054885017162e-03
2023-10-19T15:22:05.000 6.375901702609114636e+02 2.766081176615516597e+02  4125268.242325797211 +7.4222261406475809e-03
2023-10-19T15:22:15.000 5.094370869178441694e+02 2.710078803413542801e+02  4125260.564899469726 -2.3800112596745748e-03
2023-10-19T15:22:25.000 5.723476020379824831e+02 2.885539883210349785e+02  4125252.891167792957 -2.6138852226722520e-03
2023-10-19T15:22:35.000 5.818112605170801999e+02 3.024779262859353253e+02  4125245.214540819637 -8.2227846746718569e-05
2023-10-19T15:22:45.000 4.754703487266535262e+02 2.386924547187816472e+02  4125237.531029617880 +6.7904235061178042e-04
2023-10-19T15:22:55.000 4.051010178619847579e+02 1.973722799140540474e+02  4125229.839734003413 -2.2267836238825112e-03
2023-10-19T15:23:05.000 4.494429306992739157e+02 2.098978637638403484e+02  4125222.149337927811 -1.6772503996662635e-03
2023-10-19T15:23:15.000 3.880975884161582030e+02 1.910886036933793548e+02  4125214.461443969514 +1.6883138910088746e-03
2023-10-19T15:23:25.000 5.871304029049202882e+02 2.816001564503677628e+02  4125206.776580387261 +5.3604189600946484e-03
2023-10-19T15:23:35.000 4.979044596980976394e+02 2.216470402012376155e+02  4125199.080843352247 -8.5137953954017576e-03
2023-10-19T15:23:45.000 2.876157843002228560e+02 1.488640557384663907e+02  4125191.426772500388 +7.6295627458193849e-03
2023-10-19T15:25:15.000 1.210315479388337117e+06 7.577399601177756267e+03  4125121.779894048814 -3.2036237996635464e-04
2023-10-19T15:25:25.000 1.104657492925540078e+06 6.579400124112777121e+03  4125114.030221628025 -2.1876362586681353e-04
2023-10-19T15:25:35.000 1.419948624046286801e+06 8.336940885404688743e+03  4125106.273048893549 +9.0016687727256794e-04
2023-10-19T15:25:45.000 1.363518824330148753e+06 7.762273340336925685e+03  4125098.507330606226 -9.4443113971465209e-04
2023-10-19T15:25:55.000 1.005502789249609690e+06 6.148357040049182615e+03  4125090.740822039545 +4.3789705330254947e-04
2023-10-19T15:26:05.000 9.069347208978761919e+05 5.662714344942640309e+03  4125082.969072543550 +4.4870951910525037e-05
2023-10-19T15:26:15.000 9.388135539037240669e+05 5.907212865952558786e+03  4125075.193486034870 -6.1564812563119631e-04
2023-10-19T15:26:25.000 9.674627447178332368e+05 6.452279722812248110e+03  4125067.416645177640 +1.4409044563308271e-03
2023-10-19T15:26:35.000 9.487900503650666215e+05 5.614991661024157111e+03  4125059.630806844682 -1.1863535893326116e-03
2023-10-19T15:26:45.000 6.892191907255210681e+05 4.082346541230024286e+03  4125051.845126528293 +5.8304156300437171e-04
2023-10-19T15:32:15.000 8.918296688351465855e+05 7.723676423610491838e+03  4124792.340585824568 -2.8666240609709348e-05
2023-10-19T15:32:25.000 9.954295107182351639e+05 6.868163536762775948e+03  4124784.406623077579 -4.4043052662345872e-04
2023-10-19T15:32:35.000 7.711377766215896700e+05 5.960202806186688576e+03  4124776.466091909446 +1.0730458158150213e-03
2023-10-19T15:32:45.000 7.621153117390896659e+05 6.887149157623911378e+03  4124768.517376300413 +6.5212015931592759e-04
2023-10-19T15:32:55.000 9.097259665439571254e+05 7.380627242170419777e+03  4124760.563053288031 -1.3270777960769919e-03
2023-10-19T15:33:05.000 7.853391361802242463e+05 6.403911483838482127e+03  4124752.610031024087 +4.5980502704878745e-04
2023-10-19T15:33:15.000 7.482612269529020414e+05 5.363789264886047931e+03  4124744.653097826988 +4.0878973538838181e-04
2023-10-19T15:33:25.000 6.237672791093018604e+05 4.833761196364011084e+03  4124736.693078836426 +7.1861634364722704e-04
2023-10-19T15:33:35.000 7.785999706333886134e+05 5.497877028075204180e+03  4124728.724151324481 -7.1955116811750486e-04
2023-10-19T15:33:45.000 8.573659455658269580e+05 6.742624845077050850e+03  4124720.743776070885 +1.8364256186487182e-04
2023-10-19T15:35:15.000 1.588530536752542730e+02 8.419438331349981297e+01  4124648.853207270149 -4.8040633315622472e-02
2023-10-19T15:35:25.000 2.328956093916432906e+02 1.063118201245571726e+02  4124640.790424616542 -6.5961219390828774e-03
2023-10-19T15:35:35.000 2.274060229138133309e+02 1.203851524751532764e+02  4124632.760298522655 +1.2886176152164808e-02
2023-10-19T15:35:45.000 2.669134441059250094e+02 1.261141803805657275e+02  4124624.739311379846 +1.2889770873357520e-02
2023-10-19T15:35:55.000 2.217016051376871815e+02 1.148300489914319940e+02  4124616.719965342432 +4.9038211478773519e-03
2023-10-19T15:36:05.000 2.547213852280963806e+02 1.290663356736692720e+02  4124608.693388063926 -7.0990835723705459e-03
2023-10-19T15:36:15.000 2.166521508251788077e+02 1.259602300516430660e+02  4124600.662889981642 -1.2233593734094939e-02
2023-10-19T15:36:25.000 2.876337312372806423e+02 1.551193432817065911e+02  4124592.631033761427 -4.7601077654917390e-03
2023-10-19T15:36:35.000 3.503552367519667428e+02 1.820081760244630402e+02  4124584.582419760060 -4.2726445985863393e-04
2023-10-19T15:36:45.000 2.779209707891614585e+02 1.468794012270687404e+02  4124576.519877065439 +5.9114291002515529e-04
2023-10-19T15:36:55.000 3.051045021529719179e+02 1.482075768778368285e+02  4124568.457693680655 +7.7983986082017509e-03
2023-10-19T15:37:05.000 2.549491358686082663e+02 1.308066426226222916e+02  4124560.383899386972 +3.5297724671181641e-03
2023-10-19T15:37:15.000 2.205078142662842993e+02 1.146278932606407039e+02  4124552.309374224395 -7.0669551062110258e-03
2023-10-19T15:37:25.000 2.501595570916698250e+02 1.209486166713507487e+02  4124544.268843124621 +5.8351885306819895e-03
2023-10-19T15:37:35.000 2.535126898488505276e+02 1.280787251843936474e+02  4124536.209452877287 -1.3808622195369935e-02
2023-10-19T15:37:45.000 2.644861782419346241e+02 1.259414074207293908e+02  4124528.204001974780 +6.1868836620533330e-03
2023-10-19T15:39:15.000 9.289469423302880023e+05 7.955190220798225710e+03  4124455.294460936915 -4.5785067163706117e-04
2023-10-19T15:39:25.000 9.782313643107222160e+05 7.828370411591255106e+03  4124447.181204509921 +6.3174442834679212e-04
2023-10-19T15:39:35.000 8.379273838700043270e+05 6.853881971641447308e+03  4124439.060241477564 -2.5745890820871864e-04
2023-10-19T15:39:45.000 8.011707954812431708e+05 6.075817841120354387e+03  4124430.935591302346 -4.2794411399427190e-04
2023-10-19T15:39:55.000 7.851648873087423854e+05 5.594443831353742098e+03  4124422.808111331426 -5.1947755878245516e-05
2023-10-19T15:40:05.000 6.647171563143798849e+05 5.467992309927995848e+03  4124414.678025295958 +5.3387143384497904e-04
2023-10-19T15:40:15.000 6.870087624320553150e+05 5.433863547111766820e+03  4124406.544639175758 +7.2113261808226525e-04
2023-10-19T15:40:25.000 7.320405244628476212e+05 5.732017076553584047e+03  4124398.405183366966 -1.3512658638319408e-03
2023-10-19T15:40:35.000 7.562787536960854195e+05 5.372010469566547727e+03  4124390.264181696344 +7.4870255866699154e-04
2023-10-19T15:40:45.000 7.681591168787365314e+05 5.991203308603037840e+03  4124382.111381098628 -1.4729852614436822e-04
2023-10-19T15:42:15.000 4.647239514251533592e+02 2.495298592591511806e+02  4124308.600553388707 -2.1839655966005012e-03
2023-10-19T15:42:25.000 5.860049942217940497e+02 2.794073075357828770e+02  4124300.402704450767 +4.0659517226231401e-03
2023-10-19T15:42:35.000 6.288752335456183573e+02 3.131084813168963592e+02  4124292.199833262246 -1.0903060614282367e-03
2023-10-19T15:42:45.000 5.776846479385570774e+02 2.711788734873715612e+02  4124284.002321166918 -3.4531627394471798e-03
2023-10-19T15:42:55.000 6.150282412069943803e+02 2.824154863186711850e+02  4124275.812056882773 +2.0895038924209075e-03
2023-10-19T15:43:05.000 6.026787042458971655e+02 2.927365529814150591e+02  4124267.608533732127 -2.3603539723353606e-03
2023-10-19T15:43:15.000 5.489892618903299990e+02 2.679671004024166905e+02  4124259.408425929490 +1.8453909077607022e-03
2023-10-19T15:43:25.000 4.862016168034708699e+02 2.695516751263775177e+02  4124251.198201753665 +2.4942648251453647e-03
2023-10-19T15:43:35.000 6.212914452381404544e+02 3.339134884135404491e+02  4124242.978980376851 +1.3500808264552688e-03
2023-10-19T15:43:45.000 5.832142760613788823e+02 2.613239402745883808e+02  4124234.749059265479 -3.3396097032891703e-03
2023-10-19T15:43:55.000 4.941185994994818884e+02 2.469697457686589530e+02  4124226.522293467075 +1.5158269574158112e-03
2023-10-19T15:44:05.000 5.942642712657004722e+02 2.762762636418584634e+02  4124218.283421033062 -8.4441515207345219e-04
2023-10-19T15:44:15.000 6.261710311926183294e+02 2.841120794540146335e+02  4124210.043716388755 -1.3991586691872726e-03
2023-10-19T15:44:25.000 5.611730632299575063e+02 2.929914817892270094e+02  4124201.810093864333 +3.7383452392987238e-03
2023-10-19T15:44:35.000 5.346915251616173919e+02 2.689150682594640216e+02  4124193.570179857779 -1.6273689137733527e-03
2023-10-19T15:44:45.000 6.189428284275312535e+02 2.951788309151953058e+02  4124185.346101945732 -4.8111048727150774e-06
2023-10-19T15:46:15.000 9.373660210208776407e+05 6.916252660372569153e+03  4124110.957758742850 +1.5947490900316552e-03
2023-10-19T15:46:25.000 6.057546736606692430e+05 4.921004965976590029e+03  4124102.671522729099 -4.5797799854199184e-03
2023-10-19T15:46:35.000 6.660065882061059820e+05 4.380407283228101733e+03  4124094.388460820541 +1.5555466774230808e-03
2023-10-19T15:46:45.000 6.926263387070751050e+05 5.163436244976994203e+03  4124086.089265184011 -9.3680993927591771e-04
2023-10-19T15:46:55.000 8.261160026337292511e+05 5.745143637766032953e+03  4124077.788737365510 +1.4328448423839291e-04
2023-10-19T15:47:05.000 9.326618609429592034e+05 6.498906540027612209e+03  4124069.486875221133 +2.0646754936706202e-03
2023-10-19T15:47:15.000 1.116662105210274924e+06 7.882584428193439635e+03  4124061.179260430392 -1.6034597750831381e-03
2023-10-19T15:47:25.000 1.093457979099938879e+06 7.025998512597711851e+03  4124052.877161127981 -4.4873388901578437e-05
2023-10-19T15:47:35.000 7.446134592224133667e+05 5.486163020765434339e+03  4124044.573454823811 +1.5707806060163421e-03
2023-10-19T15:47:45.000 7.331478250025300076e+05 5.653578530030251386e+03  4124036.259136284702 -5.6006608258485358e-04
2023-10-19T15:49:15.000 3.717343624876885428e+02 1.791293145866573298e+02  4123961.206935724244 +1.6706418571629911e-02
2023-10-19T15:49:25.000 3.790555430327025306e+02 1.953759456525395137e+02  4123952.870400030166 -5.3586203972599833e-03
2023-10-19T15:49:35.000 3.816457089124386926e+02 1.900892197386729094e+02  4123944.517158975825 -6.7796330099554325e-03
2023-10-19T15:49:45.000 3.660458893678344907e+02 1.961245560547943398e+02  4123936.149100302253 -2.7332568236033694e-03
2023-10-19T15:49:55.000 3.606537134689428399e+02 1.960155320804066434e+02  4123927.768132576253 -3.2608818995640831e-03
2023-10-19T15:50:05.000 3.670482139728680409e+02 1.938749346069539286e+02  4123919.400644903071 +1.0494596504827314e-02
2023-10-19T15:50:15.000 3.437392399793909021e+02 1.735887685144176373e+02  4123911.013577093836 +1.6624797815438797e-03
2023-10-19T15:50:25.000 4.118859462745560904e+02 1.942495531314401376e+02  4123902.638443981763 +9.7212062235030317e-04
2023-10-19T15:50:35.000 3.629861119239594700e+02 1.680826039938163774e+02  4123894.268333700020 +3.0547321767926405e-03
2023-10-19T15:50:45.000 4.034054316407064107e+02 1.888016330342225331e+02  4123885.882281201426 -9.8795540491209977e-03
2023-10-19T15:50:55.000 3.345762059168957308e+02 1.901462402501412896e+02  4123877.512759563979 -1.2468478219034296e-03
2023-10-19T15:51:05.000 3.435726406690459953e+02 1.694540626423117260e+02  4123869.132299889810 +5.8339336129620278e-03
2023-10-19T15:51:15.000 2.506167238855320818e+02 1.388924095808626760e+02  4123860.724732803181 -9.1390045986372570e-04
2023-10-19T15:51:25.000 2.933922686710475318e+02 1.456771979307500544e+02  4123852.314648541622 +5.8388119040273523e-03
2023-10-19T15:51:35.000 2.480169384914233888e+02 1.249991043339281731e+02  4123843.866919481661 -8.1468543954770212e-03
2023-10-19T15:51:45.000 1.343061599340500436e+02 6.898853949547395814e+01  4123835.431465245318 +5.3907319625068340e-03
