# Observation conducted on 2023.10.19 at Wz rev. 2
# Base frequency: 8432.00 MHz BW: 2 kHz dF: 0.2 Hz dT: 10.0 s Nscans: 1
# Format: UTC Time     |    Signal-to-Noise     |      Spectral max      | Freq detection [Hz] |   Doppler noise [Hz]  |
# 
2023-10-19T14:20:05.000 2.098897714835880379e+03 8.205339683429597244e+02  4126991.314996926580 +1.0847421752941955e-03
2023-10-19T14:20:15.000 1.561404949019724427e+03 6.763501080313002376e+02  4126985.381133711431 -7.2183703539394628e-03
2023-10-19T14:20:25.000 1.638554019135010549e+03 6.331364405151003893e+02  4126979.454779082444 +6.8494791259468002e-03
2023-10-19T14:20:35.000 1.512050340395862804e+03 6.223148238289785468e+02  4126973.494342097081 -1.2564159529233621e-03
2023-10-19T14:20:45.000 1.754093795088718025e+03 7.210364345027005584e+02  4126967.539617865346 +5.1904810652558808e-03
2023-10-19T14:20:55.000 1.698470330488426725e+03 6.595629281432252355e+02  4126961.549288715702 -1.8087671625551138e-02
2023-10-19T14:21:05.000 1.742569033127451576e+03 7.062232660777885940e+02  4126955.613028700929 +1.5954622139588537e-02
2023-10-19T14:21:15.000 1.527222657157984031e+03 6.166105735301005097e+02  4126949.618784658611 -6.8095342500669176e-03
2023-10-19T14:21:25.000 1.454402867811617398e+03 5.959829314808757772e+02  4126943.655702018645 +1.4695894132898957e-03
2023-10-19T14:21:35.000 1.423910900565186466e+03 6.286658199344883542e+02  4126937.681460371241 -1.8228706885565771e-03
2023-10-19T14:21:45.000 1.461446702322855117e+03 6.343058464142751518e+02  4126931.712534968741 +7.1833847437119402e-04
2023-10-19T14:27:15.000 1.238200905942567033e+03 5.633458022018716065e+02  4126731.030692291912 -1.8655358267096744e-03
2023-10-19T14:27:25.000 1.127477788326620384e+03 4.807671251868215450e+02  4126724.841212139931 +1.6885502688836596e-02
2023-10-19T14:27:35.000 1.018978784583786478e+03 4.240747137788142709e+02  4126718.562270593364 -6.3664520038315686e-02
2023-10-19T14:27:45.000 1.260279163350860927e+03 5.066208622015494711e+02  4126712.506661217660 +5.5548944748920803e-02
2023-10-19T14:27:55.000 1.166904214521956419e+03 5.293932577459171398e+02  4126706.263829835225 -2.3908191216861496e-02
2023-10-19T14:28:05.000 1.299567502385553780e+03 5.629899482603641445e+02  4126700.094893435948 -1.8121915050642201e-02
2023-10-19T14:28:15.000 1.374416335642234799e+03 5.647567856919597489e+02  4126693.914775610901 +6.1331464349052567e-03
2023-10-19T14:28:25.000 1.362868002812946997e+03 6.129429359767475489e+02  4126687.693349551875 +1.7364549903049920e-02
2023-10-19T14:28:35.000 1.346843700369228145e+03 5.437448228823531053e+02  4126681.435449226294 -1.5798964162485163e-02
2023-10-19T14:28:45.000 1.167884080928107323e+03 5.341956584263118657e+02  4126675.325821312610 +5.1722887087919389e-03
2023-10-19T14:34:15.000 1.500895510420187065e+03 5.569720023202563652e+02  4126467.217419499997 +2.5074949374328526e-02
2023-10-19T14:34:25.000 1.351902232021901455e+03 5.929711555047825868e+02  4126460.772766553331 -2.9055028121717896e-02
2023-10-19T14:34:35.000 1.445562806207946778e+03 6.258120329144582001e+02  4126454.396673274226 -3.8667148247100158e-03
2023-10-19T14:34:45.000 1.810504660514515763e+03 6.671386284477964637e+02  4126448.004181175958 +8.3350792485248348e-04
2023-10-19T14:34:55.000 1.256728297073605063e+03 5.736668017637864523e+02  4126441.630734714214 +2.5258830735907623e-02
2023-10-19T14:35:05.000 1.291206354851474316e+03 5.909291910761875215e+02  4126435.194100101478 +4.2153080346452043e-04
2023-10-19T14:35:15.000 1.440556804677318496e+03 5.698250433216609281e+02  4126428.745044958312 -1.2326665092246003e-02
2023-10-19T14:35:25.000 1.504789562203204923e+03 6.377533082603241610e+02  4126422.288874217775 -1.0897967997635760e-02
2023-10-19T14:35:35.000 1.641848738443748744e+03 6.908850089084830870e+02  4126415.864008764271 +1.4970818067240543e-02
2023-10-19T14:35:45.000 2.128368221897005242e+03 8.009596249286736338e+02  4126409.466594621073 -2.8118071516871623e-03
2023-10-19T14:41:15.000 1.950110362740541632e+03 8.177638214236970953e+02  4126194.161694662180 +5.4587473505307571e-03
2023-10-19T14:41:25.000 2.300346848067419160e+03 8.302627457781273961e+02  4126187.531893438660 -5.3251003933212360e-03
2023-10-19T14:41:35.000 2.127780754295905354e+03 8.811905220423515175e+02  4126180.912140046246 +2.1274163233044874e-03
2023-10-19T14:41:45.000 1.873984359218364943e+03 8.802165461346522761e+02  4126174.287093337160 +2.5826530634844858e-03
2023-10-19T14:41:55.000 2.209841546581460989e+03 8.523403718937421445e+02  4126167.656406139489 -3.3366534610479448e-03
2023-10-19T14:42:05.000 2.075257241829308441e+03 8.521752933746382723e+02  4126161.036448365077 +7.0094665157967029e-03
2023-10-19T14:42:15.000 2.121094569276378934e+03 8.801151464141424867e+02  4126154.380144353025 -7.4466929608831833e-03
2023-10-19T14:42:25.000 2.151780107200023849e+03 8.894621700708222534e+02  4126147.737017222680 +3.0015833139316328e-03
2023-10-19T14:42:35.000 1.826142551426527689e+03 7.589072162151769589e+02  4126141.080186601263 +2.7090783146377362e-04
2023-10-19T14:42:45.000 2.691594575287384032e+03 9.892601121470673888e+02  4126134.453249592334 -1.9349867741880189e-04
2023-10-19T14:48:15.000 1.952345350520221473e+03 8.084082528520477808e+02  4125912.115512042306 -1.9092280794836824e-03
2023-10-19T14:48:25.000 2.524968455184548475e+03 8.892798876495604645e+02  4125905.312641276978 -5.0672814089693929e-03
2023-10-19T14:48:35.000 3.236001569546305745e+03 1.033183008720833413e+03  4125898.482389423065 +7.2175104369875953e-03
2023-10-19T14:48:45.000 1.993369502175013849e+03 8.682052032996029993e+02  4125891.622162300628 -9.7954895537668563e-03
2023-10-19T14:48:55.000 2.237082264882475556e+03 8.593191381813337557e+02  4125884.798872834537 +3.5446921992843272e-04
2023-10-19T14:49:05.000 2.103821895047281942e+03 7.973215945735420291e+02  4125877.959507140797 -7.7205829054776132e-03
2023-10-19T14:49:15.000 2.064318895611108019e+03 8.790524294115878092e+02  4125871.130656957626 +4.6589006990984672e-03
2023-10-19T14:49:25.000 2.376847844790683666e+03 9.569546534375303963e+02  4125864.280072466005 +8.1766073732012501e-03
2023-10-19T14:49:35.000 2.185222078776106173e+03 9.326077973617702810e+02  4125857.414267218672 -1.0490897740226046e-02
2023-10-19T14:49:45.000 1.713297948953481182e+03 6.370509562822879843e+02  4125850.645555812400 +4.7473021284361039e-03
2023-10-19T14:55:15.000 2.504723466677927718e+03 9.517414073120762623e+02  4125621.427849718370 +7.2928625810106951e-03
2023-10-19T14:55:25.000 2.454745104348795849e+03 9.688141884817543996e+02  4125614.379282182548 -3.8310683845850235e-03
2023-10-19T14:55:35.000 2.424692513495383537e+03 9.450628939660101651e+02  4125607.333822700195 -7.6803727630476715e-03
2023-10-19T14:55:45.000 2.337197575619713461e+03 9.718124018848011474e+02  4125600.312690563500 +3.7814959071909016e-03
2023-10-19T14:55:55.000 2.654549842260526930e+03 1.017134079204318937e+03  4125593.289482251275 +6.5804046168977948e-03
2023-10-19T14:56:05.000 2.127791601847281981e+03 9.312040347712684252e+02  4125586.246078415308 -7.0088205515617119e-03
2023-10-19T14:56:15.000 2.500942321924284897e+03 1.043031683807284026e+03  4125579.215012798086 +6.2591757950940519e-03
2023-10-19T14:56:25.000 1.970998742091182294e+03 8.730119113378648308e+02  4125572.122474727686 -2.4044573140969305e-02
2023-10-19T14:56:35.000 2.466570147808275124e+03 9.502710968071855859e+02  4125565.090486502275 +1.2506682801728175e-02
2023-10-19T14:56:45.000 2.478034061274663600e+03 9.081851015535775105e+02  4125558.034101860598 -3.2534676480509006e-03
2023-10-19T15:02:15.000 2.464091702324059952e+03 8.855091375807488703e+02  4125322.318151542917 +3.0529577624065496e-03
2023-10-19T15:02:25.000 2.166892556953112035e+03 8.841092130050334390e+02  4125315.084562746808 -3.4399358568464322e-03
2023-10-19T15:02:35.000 2.241873735801393195e+03 8.703277224935151253e+02  4125307.850883272476 -6.3041559764656085e-03
2023-10-19T15:02:45.000 2.843345902750976165e+03 9.887888162506180834e+02  4125300.633112691343 +9.0318272139882083e-03
2023-10-19T15:02:55.000 2.593213244607853085e+03 1.073215090264937089e+03  4125293.381763204467 -6.2040985981468566e-03
2023-10-19T15:03:05.000 3.109850302852390087e+03 1.152517899079324934e+03  4125286.145659882575 -1.4746231875051308e-03
2023-10-19T15:03:15.000 2.664470111987247037e+03 1.022371044627944229e+03  4125278.903354113922 +3.3332608615239678e-03
2023-10-19T15:03:25.000 2.013155097025585519e+03 8.274077921681893031e+02  4125271.644965880550 -1.3966389249731037e-03
2023-10-19T15:03:35.000 2.540140699419147040e+03 9.045733871944289604e+02  4125264.388055741321 -2.8490369464861942e-04
2023-10-19T15:03:45.000 2.369370023084356944e+03 8.482756549079555271e+02  4125257.131855086423 +1.2657704473895137e-04
2023-10-19T15:09:15.000 2.720577527619799184e+03 1.053720353528748774e+03  4125015.055795780849 -2.9849533793822047e-03
2023-10-19T15:09:25.000 2.313872410046705681e+03 9.221945031997109936e+02  4125007.647958918009 +7.4926449985639465e-03
2023-10-19T15:09:35.000 2.813812719886880586e+03 1.042288540909909216e+03  4125000.215423606802 -4.7716472093810580e-03
2023-10-19T15:09:45.000 2.323976118371290340e+03 9.467568019948267874e+02  4124992.808562386781 +9.0668786030363435e-03
2023-10-19T15:09:55.000 2.678482392395526404e+03 1.016971645575379398e+03  4124985.364785768557 -1.3029894328013825e-02
2023-10-19T15:10:05.000 2.561578727125958721e+03 1.035446121285909157e+03  4124977.966705658007 +1.3545512108279922e-02
2023-10-19T15:10:15.000 2.597602258604569670e+03 9.721133638381652418e+02  4124970.521730711218 -9.9347402084504211e-04
2023-10-19T15:10:25.000 2.459827051421046690e+03 9.040580506184127216e+02  4124963.075387345161 -8.1414719000889590e-03
2023-10-19T15:10:35.000 2.580735148144111918e+03 1.006488308006148259e+03  4124955.638192824554 +5.1369393813160968e-03
2023-10-19T15:10:45.000 2.557784546449311165e+03 9.350395888193223755e+02  4124948.168760172557 -1.1228738070485633e-03
2023-10-19T15:18:15.000 2.161718063422024898e+03 8.831053654752518014e+02  4124608.547705825418 +2.6898598704860888e-04
2023-10-19T15:18:25.000 2.809800106436985516e+03 9.266012819234796325e+02  4124600.900469627697 -5.8047484854171216e-03
2023-10-19T15:18:35.000 2.611187244125775123e+03 9.227937065440780771e+02  4124593.268339235801 +8.5568387777783528e-03
2023-10-19T15:18:45.000 2.727639526555522025e+03 1.039996782932332508e+03  4124585.612264425959 +6.8991931368742598e-03
2023-10-19T15:18:55.000 2.655492503132079946e+03 1.099362614187615009e+03  4124577.925690202508 -1.7316580822111405e-02
2023-10-19T15:19:05.000 2.601582086093979342e+03 1.024782969620209542e+03  4124570.277080867440 +2.5736389327448705e-03
2023-10-19T15:19:15.000 2.380523235037856011e+03 9.649994323461185104e+02  4124562.614875834901 +1.2156095399703304e-02
2023-10-19T15:19:25.000 2.514695681628723833e+03 9.150281326295511235e+02  4124554.926784560084 -4.0026313272107927e-03
2023-10-19T15:19:35.000 2.741422044114428445e+03 9.652581997973550187e+02  4124547.259277408477 -2.1014642389616256e-03
2023-10-19T15:19:45.000 3.198639142698418254e+03 1.061900049084153352e+03  4124539.596694487613 +7.6728727803754282e-04
2023-10-19T15:25:15.000 2.776174994892850918e+03 1.047787469825384960e+03  4124283.839526897296 +3.5339211576967955e-04
2023-10-19T15:25:25.000 3.170327026683954955e+03 1.132995461669747328e+03  4124276.018568789586 -1.7860789190820014e-03
2023-10-19T15:25:35.000 2.653006859638015612e+03 1.016833307759709101e+03  4124268.193477747962 +4.7613429089210513e-04
2023-10-19T15:25:45.000 2.947694139213844664e+03 1.147383920755819190e+03  4124260.368744747248 +4.3046497593621780e-03
2023-10-19T15:25:55.000 2.773446982482163548e+03 1.066239185600488554e+03  4124252.534566034563 -4.3757565123314635e-04
2023-10-19T15:26:05.000 2.645030170154813732e+03 1.021025735789819691e+03  4124244.693299860694 -8.1429344893138023e-03
2023-10-19T15:26:15.000 2.889665640249788794e+03 1.077511426924532770e+03  4124236.859879068099 -4.5700721278763012e-04
2023-10-19T15:26:25.000 2.824117989044369551e+03 1.056146336091735066e+03  4124229.023274991196 +1.1774910619180901e-02
2023-10-19T15:26:35.000 3.258473971343159974e+03 1.139985529664408205e+03  4124221.154322081711 -7.0779840315680076e-03
2023-10-19T15:26:45.000 2.827667416186708579e+03 1.122126220439505232e+03  4124213.328860892914 +2.3005516836747120e-03
2023-10-19T15:32:15.000 3.094918086440140996e+03 1.161266092423262080e+03  4123951.973419063725 -1.0412439820171926e-02
2023-10-19T15:32:25.000 3.015169173290045819e+03 1.129683003078249158e+03  4123944.012053052895 +1.7006692202969020e-02
2023-10-19T15:32:35.000 2.975959042921843320e+03 1.098218866143850846e+03  4123935.993474127725 -9.6749816042773773e-03
2023-10-19T15:32:45.000 3.001076124986119794e+03 1.127666119425967054e+03  4123928.008035358042 +3.3959713747861997e-03
2023-10-19T15:32:55.000 2.162840011408131886e+03 9.094825008976335994e+02  4123919.982297715265 -1.8972447161857531e-02
2023-10-19T15:33:05.000 2.886814566965227641e+03 1.155901000387477552e+03  4123912.003181082197 +6.0308467803764643e-03
2023-10-19T15:33:15.000 2.741410722219783111e+03 1.262135273615908545e+03  4123904.011863928288 +1.6017190964774386e-02
2023-10-19T15:33:25.000 3.105080759239125655e+03 1.180218665457584166e+03  4123895.979279297404 -1.8208338354526177e-02
2023-10-19T15:33:35.000 3.517973848573501527e+03 1.221426317105911721e+03  4123888.002891438082 +7.0272015484249550e-03
2023-10-19T15:33:45.000 2.616262257442547252e+03 1.138244944369242603e+03  4123879.973291356582 -2.2423293603566208e-03
2023-10-19T15:39:15.000 2.830972602890214603e+03 1.064747813174443991e+03  4123613.292522132862 +4.3957290520850734e-03
2023-10-19T15:39:25.000 3.306613783056169268e+03 1.246029823257369799e+03  4123605.139416979626 -6.4593459778805595e-03
2023-10-19T15:39:35.000 3.239091588604313984e+03 1.152156531132863620e+03  4123597.003597311210 +4.6914230909820276e-03
2023-10-19T15:39:45.000 2.721880953849774414e+03 1.076914937075743637e+03  4123588.854220855515 +4.6002706445307240e-03
2023-10-19T15:39:55.000 3.144391362895027669e+03 1.206264705775771517e+03  4123580.690397780854 -7.5420934637335790e-03
2023-10-19T15:40:05.000 2.997224203634923470e+03 1.216065121647773822e+03  4123572.544073126279 +1.8496473610483122e-03
2023-10-19T15:40:15.000 3.377835197116207382e+03 1.279439852289882538e+03  4123564.385026478674 +4.8288000391067953e-03
2023-10-19T15:40:25.000 3.460992027675508780e+03 1.166390791520665289e+03  4123556.204812263139 -5.0693452846957143e-03
2023-10-19T15:40:35.000 2.850537377254494913e+03 1.046112423313340287e+03  4123548.033813916147 +3.3003636547448423e-03
2023-10-19T15:40:45.000 2.438253818773546755e+03 8.839308255008987771e+02  4123539.842702532187 -7.7470811669400064e-04
2023-10-19T15:46:15.000 3.177104617156897348e+03 1.191889381124379724e+03  4123268.141570815817 +7.4990709736226790e-03
2023-10-19T15:46:25.000 3.253583849257449401e+03 1.167002725759233954e+03  4123259.822768503334 -9.2027891452559629e-03
2023-10-19T15:46:35.000 3.234979123550243912e+03 1.218629926317329591e+03  4123251.514877791051 -5.4832100251331894e-03
2023-10-19T15:46:45.000 3.014276959782469930e+03 1.132199498876988400e+03  4123243.235412632581 +2.4219851478640919e-02
2023-10-19T15:46:55.000 3.271425032288435432e+03 1.303429801346665272e+03  4123234.897625403479 -9.3787474161075579e-03
2023-10-19T15:47:05.000 3.300866620322214203e+03 1.306186631155564783e+03  4123226.595869749319 -8.6886039253428748e-03
2023-10-19T15:47:15.000 3.343394949679821366e+03 1.125091398732619382e+03  4123218.301854365040 +3.3698910422259587e-03
2023-10-19T15:47:25.000 3.243681684389306156e+03 1.171415761473328530e+03  4123209.994156808592 +9.2392532851306441e-03
2023-10-19T15:47:35.000 3.564055707545384848e+03 1.188261870111677354e+03  4123201.658456052188 -6.6826625844740306e-03
2023-10-19T15:47:45.000 3.302534114652280095e+03 1.213403542000135758e+03  4123193.351081447676 +1.8661845740979288e-03
