# Observation conducted on 2023.10.19 at Ib rev. 2
# Base frequency: 8432.00 MHz BW: 2 kHz dF: 0.2 Hz dT: 10.0 s Nscans: 1
# Format: UTC Time     |    Signal-to-Noise     |      Spectral max      | Freq detection [Hz] |   Doppler noise [Hz]  |
# 
2023-10-19T14:20:05.000 1.939744771180955496e+01 2.641795489886013684e+02  4125870.254289668053 -1.2831244560095456e-01
2023-10-19T14:20:15.000 6.170149977511131567e+01 8.910117452421727648e+02  4125866.218908897601 +4.7816034897437021e-02
2023-10-19T14:20:25.000 6.949413524606315207e+01 1.161007740023605038e+03  4125861.384610076435 -4.1585423650076336e-02
2023-10-19T14:20:35.000 6.878748206970379897e+01 1.134297144388647666e+03  4125856.475654280279 +1.2649547662704208e-03
2023-10-19T14:20:45.000 7.009302058867014296e+01 1.275539580316498586e+03  4125851.505898886360 +9.0945664769606083e-03
2023-10-19T14:20:55.000 6.386599941126996072e+01 1.327823974656517976e+03  4125846.584845418576 +2.0174543739472028e-02
2023-10-19T14:21:05.000 8.514297970316830799e+01 1.280334997287492570e+03  4125841.670475878753 -4.2936427040558556e-03
2023-10-19T14:21:15.000 6.097026356829228178e+01 1.015583744480638074e+03  4125836.770726657938 -1.4154001509268710e-02
2023-10-19T14:21:25.000 4.529814117268792018e+01 7.105244547408931339e+02  4125831.833780142479 -1.5454144273917336e-02
2023-10-19T14:21:35.000 6.381228561118354747e+01 9.046142255928622262e+02  4125826.872487630695 +1.8527902298160370e-02
2023-10-19T14:21:45.000 4.499311442623285728e+01 6.997503019817331733e+02  4125821.839751925319 -1.2783439742293012e-02
2023-10-19T14:27:15.000 2.995812655099795734e+02 1.191698466952590479e+03  4125655.808368181810 -4.7278170109166240e-04
2023-10-19T14:27:25.000 9.625849274375218556e+01 1.271562208647726720e+03  4125650.698572605383 +5.5203075743293084e-03
2023-10-19T14:27:35.000 6.200463440300838158e+01 1.322653233493364269e+03  4125645.563668811228 -2.7141471681488838e-03
2023-10-19T14:27:45.000 6.805474682012132348e+01 1.411426617287001818e+03  4125640.431071807165 -8.6602978319660906e-04
2023-10-19T14:27:55.000 6.627630223200836213e+01 1.270137220043108073e+03  4125635.288873468526 -5.4092317676577295e-03
2023-10-19T14:28:05.000 6.145248027228668519e+01 1.142555981066856248e+03  4125630.162698141765 +5.1083031612506602e-03
2023-10-19T14:28:15.000 6.854800647624747967e+01 1.183221578025464851e+03  4125625.023085607681 -6.9810703473649482e-04
2023-10-19T14:28:25.000 6.486470448407180811e+01 1.292749577959828684e+03  4125619.894358735066 +3.6721241885970812e-03
2023-10-19T14:28:35.000 6.266706839942307994e+01 1.202788626319739478e+03  4125614.745398515835 -4.7657632416076012e-03
2023-10-19T14:28:45.000 6.782936282452865839e+01 1.029944911643055093e+03  4125609.587539026979 +1.2674422952159148e-03
2023-10-19T14:34:15.000 3.378005964053149910e+02 1.285299586307188520e+03  4125436.891388742253 -4.1699477386600847e-03
2023-10-19T14:34:25.000 2.643625658858126712e+02 1.117418210053123858e+03  4125431.589566973504 +1.2753668270192975e-02
2023-10-19T14:34:35.000 3.262929034707201481e+02 1.384583306216760775e+03  4125426.227726118173 -6.9544954303637496e-03
2023-10-19T14:34:45.000 1.659502250545786239e+02 1.247167199398621051e+03  4125420.893158914521 +6.9510045141214505e-03
2023-10-19T14:34:55.000 9.150415345777852849e+01 1.214824278238960460e+03  4125415.549212387763 +6.4387620724346561e-03
2023-10-19T14:35:05.000 9.057648107378173563e+01 1.270343899939114635e+03  4125410.211371135432 +1.6336218862988972e-03
2023-10-19T14:35:15.000 1.433623595614429860e+02 1.159914877276199149e+03  4125404.882995014079 -3.0958250897583639e-03
2023-10-19T14:35:25.000 1.214147383080141367e+02 1.068294400426263564e+03  4125399.568642497528 +4.5359336756973789e-03
2023-10-19T14:35:35.000 8.161560872087235907e+01 1.110131890950966181e+03  4125394.221863068640 -7.1264666879642391e-03
2023-10-19T14:35:45.000 6.465363303473813517e+01 1.135392766398491176e+03  4125388.861790700816 +3.2640291494772100e-03
2023-10-19T14:41:15.000 6.917293012790183582e+01 1.023911191264392414e+03  4125209.714929542970 +9.5905649782253022e-03
2023-10-19T14:41:25.000 3.874049118644195033e+01 8.886044302593951443e+02  4125204.182316562161 -3.5472444635843203e-02
2023-10-19T14:41:35.000 5.389438038751131188e+01 1.331188302248772743e+03  4125198.644833697937 -3.9355179637823312e-04
2023-10-19T14:41:45.000 5.797802407110929579e+01 1.359005084882704068e+03  4125193.081500074826 +9.9865523906146336e-03
2023-10-19T14:41:55.000 6.456584390756496816e+01 8.240317033728474598e+02  4125187.531256000046 -2.7271967064734781e-03
2023-10-19T14:42:05.000 2.145890737752916664e+02 8.902606314151879587e+02  4125182.034826329444 +2.2181493488915294e-04
2023-10-19T14:42:15.000 7.361373087216573197e+01 1.041699613656544216e+03  4125176.547595343087 -3.5405476297682981e-03
2023-10-19T14:42:25.000 5.197264059181065221e+01 9.606549739340657652e+02  4125171.047857389320 -4.2584216123486840e-04
2023-10-19T14:42:35.000 1.268099263979899263e+02 7.767959680706737799e+02  4125165.489669248462 +8.1201116370266391e-04
2023-10-19T14:42:45.000 9.193705511692931509e+01 1.101696063506647988e+03  4125159.844353919383 -5.7679571693824983e-04
2023-10-19T14:48:15.000 6.615830697669353810e+01 1.473922439863723412e+03  4124974.423122982029 -3.7093323489898467e-03
2023-10-19T14:48:25.000 8.975867688133081401e+01 1.754696744959555190e+03  4124968.720211056527 -5.5425503660444519e-04
2023-10-19T14:48:35.000 8.281346457041961173e+01 1.638933424288914921e+03  4124963.008510586806 +4.8514121367588814e-03
2023-10-19T14:48:45.000 7.011425657957748570e+01 1.374641194322656474e+03  4124957.288967978209 +3.3249399587020889e-04
2023-10-19T14:48:55.000 1.092525421866853605e+02 1.348123595343114175e+03  4124951.576978145633 -3.3392524534292534e-03
2023-10-19T14:49:05.000 7.753180277112348051e+01 1.215768241685183057e+03  4124945.878786553629 +2.0965904307104211e-03
2023-10-19T14:49:15.000 6.771732797490801659e+01 1.170042652365701997e+03  4124940.168777014595 -2.1834050177176323e-03
2023-10-19T14:49:25.000 9.424932775135015106e+01 1.323711036233272807e+03  4124934.458901132923 +5.4826231998958974e-03
2023-10-19T14:49:35.000 9.083772999997172803e+01 1.334829862625284022e+03  4124928.707970234565 -5.3265460444436030e-03
2023-10-19T14:49:45.000 6.723327997319152871e+01 1.158372623113391001e+03  4124922.943249755539 +2.6188614256170695e-03
2023-10-19T14:55:15.000 4.565588437826097845e+01 7.179774448313222592e+02  4124731.419035546482 +8.3815055069180744e-03
2023-10-19T14:55:25.000 7.178917074113005015e+01 1.364404948912756481e+03  4124725.504267202690 -4.4266213214996242e-03
2023-10-19T14:55:35.000 6.492617762789068081e+01 1.459087589876367701e+03  4124719.604434823617 +1.0634174911956507e-03
2023-10-19T14:55:45.000 7.763712291213440153e+01 1.598573314860616847e+03  4124713.702945306432 +2.0796384511641008e-03
2023-10-19T14:55:55.000 7.230729360523356775e+01 1.355057298794907410e+03  4124707.801981581841 -2.1530564464455892e-03
2023-10-19T14:56:05.000 6.723324836118811731e+01 1.507923902492598245e+03  4124701.914564760402 +1.8874904603762843e-03
2023-10-19T14:56:15.000 6.964721811772764681e+01 1.309792011189786763e+03  4124696.021475140937 -8.2007289540797501e-04
2023-10-19T14:56:25.000 6.144689373260972332e+01 1.368585321670109124e+03  4124690.123309757095 -1.5448385514673646e-03
2023-10-19T14:56:35.000 6.373595576973633570e+01 1.360268783221561762e+03  4124684.209862201475 +1.8144123282581859e-03
2023-10-19T14:56:45.000 5.601896775445268162e+01 1.148472217473845603e+03  4124678.254449252971 -7.0594133137547033e-04
2023-10-19T15:02:15.000 6.417449330256668816e+01 1.432602340682602289e+03  4124480.694223151077 -3.5545914349654595e-02
2023-10-19T15:02:25.000 5.896803476242952513e+01 1.110953538210598936e+03  4124474.625882807188 +4.6844287538760909e-02
2023-10-19T15:02:35.000 4.794036748859285524e+01 1.307872905679867699e+03  4124468.584085008595 +3.0521674940473531e-03
2023-10-19T15:02:45.000 6.812105225102251893e+01 1.478675516078127885e+03  4124462.565789027140 -1.4466300876961213e-02
2023-10-19T15:02:55.000 6.308288631522778900e+01 1.172591966448143012e+03  4124456.503812843468 -1.3678636932013433e-02
2023-10-19T15:03:05.000 8.007193925339632301e+01 1.337703229478141111e+03  4124450.406867459416 +7.6156733697416712e-03
2023-10-19T15:03:15.000 8.062710686707670504e+01 1.342235317631641237e+03  4124444.272421337198 +5.2068195155925423e-03
2023-10-19T15:03:25.000 5.592406876086913314e+01 8.395131735817333265e+02  4124438.167154415045 -5.1410416324415564e-04
2023-10-19T15:03:35.000 6.376156049543150317e+01 9.365307293289105246e+02  4124432.112179685384 -8.7763120347972290e-03
2023-10-19T15:03:45.000 1.099212299050632993e+02 6.664301360824944140e+02  4124426.092108839191 +1.1935246686789469e-03
2023-10-19T15:09:15.000 8.888000839932716701e+01 1.357640275784726555e+03  4124222.732682200149 +3.8588815938283005e-03
2023-10-19T15:09:25.000 5.910956588559824354e+01 1.408425625623768383e+03  4124216.508834589273 -5.0036333246907816e-03
2023-10-19T15:09:35.000 6.010526941408024726e+01 1.429296953201297129e+03  4124210.292426419444 -5.5721142733773377e-03
2023-10-19T15:09:45.000 6.622125107835975655e+01 1.296091954304205274e+03  4124204.062351290602 -6.3412646227334335e-05
2023-10-19T15:09:55.000 6.832184800076576892e+01 1.393944797991678570e+03  4124197.814387959428 +6.5837213949180295e-03
2023-10-19T15:10:05.000 7.810632931866584272e+01 1.230167204180436784e+03  4124191.545085636899 -8.5726982547384978e-04
2023-10-19T15:10:15.000 6.859623617648539096e+01 9.203191276588103165e+02  4124185.294826311991 +3.7103731441447962e-03
2023-10-19T15:10:25.000 5.772692482451164864e+01 1.065311074909841636e+03  4124179.030995249748 -2.0573983828398923e-02
2023-10-19T15:10:35.000 7.366025059559706278e+01 1.165650360266013649e+03  4124172.831656605005 +1.0696044471501409e-02
2023-10-19T15:10:45.000 3.033638232967927095e+01 4.860000215822930727e+02  4124166.553256944288 -1.6553820771832761e-02
2023-10-19T15:18:15.000 2.035568265970931634e+02 1.252753674476479091e+03  4123880.659063784871 +3.2849640243739486e-03
2023-10-19T15:18:25.000 1.169410070726321180e+02 1.389851475663529527e+03  4123874.231101429090 +3.2671211968136049e-03
2023-10-19T15:18:35.000 2.036539371444190465e+02 1.440208056572554824e+03  4123867.794981694315 -6.8554215350786762e-03
2023-10-19T15:18:45.000 6.850777694712373034e+01 1.336664404286281069e+03  4123861.362684907857 -6.9970713070688362e-05
2023-10-19T15:18:55.000 1.153893297690120079e+02 1.242807422494489401e+03  4123854.905394777656 -6.0392046998458682e-04
2023-10-19T15:19:05.000 4.104214074641308230e+02 1.318667506274190600e+03  4123848.441576113459 +6.6000875659710800e-03
2023-10-19T15:19:15.000 3.901450413375998210e+02 1.311690484999947785e+03  4123841.946597530041 -1.2046012328369216e-02
2023-10-19T15:19:25.000 3.644336214919123904e+02 1.028759803821799551e+03  4123835.497923862189 +8.8638221363908087e-03
2023-10-19T15:19:35.000 3.692339185605035254e+02 1.130437401431671788e+03  4123829.036683128215 -2.2561777773262293e-03
2023-10-19T15:19:45.000 3.230974812730171379e+02 1.098340092030670576e+03  4123822.619382394012 +1.7939289125479263e-04
2023-10-19T15:25:15.000 4.050274374835073559e+02 1.259189714912373120e+03  4123606.842329518404 +2.7019928832032747e-03
2023-10-19T15:25:25.000 3.745665407371785136e+02 1.160056166325684671e+03  4123600.243898826186 -1.1215543324851751e-03
2023-10-19T15:25:35.000 4.624095775488494837e+02 1.445103167444993005e+03  4123593.652904152870 -2.4083660325686651e-03
2023-10-19T15:25:45.000 2.911607613407448980e+02 1.433626930884411195e+03  4123587.063049584627 +1.1142842806748376e-03
2023-10-19T15:25:55.000 3.650094269258445934e+02 1.239847613173319132e+03  4123580.462184007280 +3.9186369127719445e-03
2023-10-19T15:26:05.000 4.078802111461712911e+02 1.360247767944103543e+03  4123573.843727511354 +1.5336249754227538e-03
2023-10-19T15:26:15.000 4.061023481692819246e+02 1.376581449972155497e+03  4123567.214084538631 -4.6112045200743523e-03
2023-10-19T15:26:25.000 3.647745581364346208e+02 1.218723292630601009e+03  4123560.602689927910 +2.9112987454027461e-04
2023-10-19T15:26:35.000 3.306443729694543094e+02 1.078381509448765883e+03  4123554.023455858696 +3.3027617098468909e-03
2023-10-19T15:26:45.000 5.026983193512017323e+01 5.138341088329859758e+02  4123547.460601781961 -5.2998317786659754e-02
2023-10-19T15:32:15.000 1.003399137357040587e+02 1.276327992191806288e+03  4123326.592655344401 +3.4508644619108964e-03
2023-10-19T15:32:25.000 2.673920724877959287e+02 9.818259913529213918e+02  4123319.839406875428 -7.3597880225406698e-04
2023-10-19T15:32:35.000 5.251028193713933945e+01 1.154460827671058041e+03  4123313.071938343346 +2.2652816154504762e-03
2023-10-19T15:32:45.000 8.534327807515211362e+01 1.425560628765884076e+03  4123306.297044082079 +8.2321503629145809e-03
2023-10-19T15:32:55.000 7.674043065351582982e+01 1.165268108554545961e+03  4123299.497525962070 -8.5282742807066825e-03
2023-10-19T15:33:05.000 7.777211044584132082e+01 1.112371752894145175e+03  4123292.727545129135 -2.3130306203711370e-04
2023-10-19T15:33:15.000 8.169271779750327767e+01 1.115096062004530950e+03  4123285.960084395949 +1.4439951003168972e-03
2023-10-19T15:33:25.000 6.915026184573406454e+01 1.274859366953980270e+03  4123279.203677614219 +1.6804199221951421e-03
2023-10-19T15:33:35.000 7.312849830897440029e+01 1.107203881015489742e+03  4123272.458574360237 -1.7164127282285335e-03
2023-10-19T15:33:45.000 4.531441379504878597e+01 8.920112067117471497e+02  4123265.736550338566 +1.0885866214493944e-03
2023-10-19T15:39:15.000 4.675579199375778217e+01 1.161699350942174078e+03  4123039.987222545315 +6.2272489494716865e-03
2023-10-19T15:39:25.000 7.918502832556774251e+01 1.281836519433317108e+03  4123033.069889523555 -1.9502734845673331e-03
2023-10-19T15:39:35.000 6.669485230316662694e+01 1.370611247809628821e+03  4123026.180987770204 +1.0306256905323607e-03
2023-10-19T15:39:45.000 7.808190566734315041e+01 1.504862628727890296e+03  4123019.288880630396 -3.0562593476588518e-03
2023-10-19T15:39:55.000 8.748209569546777686e+01 1.332216854249730204e+03  4123012.401975406799 +3.8642007942826240e-03
2023-10-19T15:40:05.000 5.460515825593605399e+01 1.236646146720994011e+03  4123005.486576402094 -5.9203926754207714e-03
2023-10-19T15:40:15.000 7.477688673490999349e+01 1.408979392990366705e+03  4122998.577347404324 +4.6106126989116092e-03
2023-10-19T15:40:25.000 6.792327361188652901e+01 1.350718933634399036e+03  4122991.630273039918 -9.7696349242823999e-03
2023-10-19T15:40:35.000 6.627705171476974044e+01 1.266626886602067316e+03  4122984.706426507328 +7.2903405116448994e-03
2023-10-19T15:40:45.000 6.427696463940233684e+01 1.074500083554902403e+03  4122977.756293334067 -1.8978129330662341e-03
2023-10-19T15:46:15.000 4.964607649250792321e+01 1.055238951762299394e+03  4122747.429998262785 +1.2828750448647952e-02
2023-10-19T15:46:25.000 8.413855082712984768e+01 1.063371634784906973e+03  4122740.413348948117 -6.2706502922083018e-03
2023-10-19T15:46:35.000 3.015823292786184311e+02 1.445568574916848547e+03  4122733.385016844608 +4.7438612580208428e-04
2023-10-19T15:46:45.000 3.611499985846791674e+02 1.625653674207489757e+03  4122726.341686494183 -4.2729560686893819e-04
2023-10-19T15:46:55.000 1.102438954933581670e+02 1.347352722699623882e+03  4122719.307929990347 +2.5509675099328888e-03
2023-10-19T15:47:05.000 2.576455692785972360e+02 1.282518225078952128e+03  4122712.275173379108 +6.7727455689237104e-04
2023-10-19T15:47:15.000 1.107178413499539005e+02 1.212371623511713096e+03  4122705.236497988459 -4.4802933598475647e-03
2023-10-19T15:47:25.000 6.084213053065342791e+01 1.049304690489464065e+03  4122698.190539928619 -1.3969569603204945e-03
2023-10-19T15:47:35.000 8.043052491545266491e+01 1.069650979780514945e+03  4122691.118438041303 +4.1139257493796322e-03
2023-10-19T15:47:45.000 5.446497194253478824e+01 1.181253563411035884e+03  4122683.996218578890 -2.9572449947181667e-03
